Timing Information
==========================================================
Clip Duration,1057.87,ms
Average RR Duration,1034.48,ms
Enddiastolic frame time,34.366,ms
Endsystolic  frame time,432.366,ms
Reference time,34.366,ms
Trigger time,34.45,ms



Results
==========================================================
Global
----------------------------------------------------------
EDV,116.37,ml
ESV,47.20,ml
SV,69.17,ml
EF,59.44,%

2D
----------------------------------------------------------
RVDd base (RVD1),--.--,
RVDd mid (RVD2),--.--,
RVLd (RVD3),--.--,
TAPSE,--.--,
FAC,--.--,
RVLS (Septum),--.--,
RVLS (Freewall),--.--,

Curves
==========================================================
Global
Global
Unit [ml]
Time [ ms],  0.00,  5.58, 11.16, 16.74, 22.32, 27.90, 33.48, 39.06, 44.64, 50.22, 55.80, 64.56, 73.32, 82.08, 90.84, 99.60,108.36,117.12,125.88,134.64,143.40,148.98,154.56,160.14,165.72,171.30,176.88,182.46,188.04,193.62,199.20,204.78,210.35,215.93,221.50,227.08,232.65,238.22,243.80,249.38,254.95,260.53,266.11,271.69,277.27,282.85,288.43,294.01,299.59,305.17,310.75,316.33,321.91,327.49,333.07,338.65,344.23,349.81,355.39,360.97,366.55,372.13,377.70,383.28,388.85,394.43,400.00,405.57,411.15,416.73,422.30,427.88,433.46,439.04,444.62,450.20,455.78,461.36,466.94,472.52,478.10,483.68,489.25,494.83,500.40,505.98,511.55,517.13,522.70,528.28,533.85,539.43,545.01,550.59,556.17,561.75,567.33,572.91,578.49,584.07,589.65,595.23,600.80,606.38,611.95,617.53,623.10,628.68,634.25,639.83,645.40,650.98,656.56,662.14,667.72,673.30,678.88,684.46,690.04,695.62,701.20,706.77,712.35,717.93,723.50,729.08,734.65,740.22,745.80,751.38,756.95,762.53,768.11,773.69,779.27,784.85,790.43,796.01,801.59,807.17,812.75,818.32,823.90,829.47,835.05,840.62,846.20,851.78,857.35,862.93,868.50,874.08,879.66,885.24,890.82,896.40,901.98,907.56,913.14,918.72,924.30,929.88,935.45,941.03,946.60,952.18,957.75,963.33,968.90,974.48,980.05,985.63,991.21,996.79,1002.37,1007.95,1013.53,1019.11,1024.69,1030.27,1035.85,
 Segment Global,116.37,115.56,114.76,113.96,113.14,112.28,111.36,110.36,109.27,108.06,106.72,105.23,103.59,101.83, 99.99, 98.11, 96.20, 94.30, 92.45, 90.68, 89.01, 87.46, 85.99, 84.61, 83.30, 82.07, 80.89, 79.76, 78.68, 77.64, 76.62, 75.65, 74.72, 73.84, 72.99, 72.15, 71.33, 70.50, 69.67, 68.81, 67.92, 66.99, 66.02, 65.03, 64.03, 63.03, 62.02, 61.04, 60.08, 59.15, 58.27, 57.43, 56.63, 55.87, 55.14, 54.45, 53.79, 53.17, 52.56, 51.99, 51.44, 50.92, 50.43, 49.99, 49.58, 49.20, 48.86, 48.55, 48.28, 48.03, 47.82, 47.62, 47.44, 47.29, 47.21, 47.20, 47.29, 47.51, 47.88, 48.40, 49.12, 50.04, 51.14, 52.39, 53.78, 55.28, 56.87, 58.52, 60.21, 61.91, 63.61, 65.29, 66.98, 68.67, 70.34, 71.99, 73.61, 75.18, 76.71, 78.18, 79.58, 80.91, 82.17, 83.35, 84.45, 85.49, 86.46, 87.35, 88.18, 88.95, 89.65, 90.28, 90.84, 91.34, 91.77, 92.15, 92.48, 92.76, 92.99, 93.19, 93.35, 93.47, 93.56, 93.61, 93.65, 93.66, 93.66, 93.66, 93.65, 93.64, 93.64, 93.65, 93.68, 93.72, 93.77, 93.84, 93.92, 94.02, 94.14, 94.27, 94.42, 94.58, 94.77, 94.97, 95.20, 95.47, 95.78, 96.13, 96.54, 97.00, 97.52, 98.10, 98.72, 99.40,100.12,100.89,101.71,102.57,103.47,104.42,105.41,106.47,107.59,108.73,109.88,111.00,112.07,113.04,113.89,114.60,115.12,115.45,115.61,115.63,115.52,115.31,115.03,114.69,114.33,113.96,113.60,


