Timing Information
==========================================================
Clip Duration,987,ms
Average RR Duration,987,ms
Enddiastolic frame time,1027.76,ms
Endsystolic  frame time,505.668,ms
Reference time,47.069,ms
Trigger time,47.069,ms



Results
==========================================================
Global
----------------------------------------------------------
EDV,189.99,ml
ESV,115.41,ml
SV,74.58,ml
EF,39.26,%

2D
----------------------------------------------------------
RVDd base (RVD1),27.06,mm
RVDd mid (RVD2),40.91,mm
RVLd (RVD3),100.15,mm
TAPSE,21.85,mm
FAC,31.40,%
RVLS (Septum),-13.34,%
RVLS (Freewall),-23.97,%

Curves
==========================================================
Global
Global
Unit [ml]
Time [ ms],  0.00,  4.75,  9.49, 14.24, 18.99, 23.73, 28.48, 33.22, 37.97, 42.72, 47.46, 55.31, 63.16, 71.01, 78.87, 86.72, 94.57,102.42,110.27,118.12,125.97,130.72,135.46,140.21,144.95,149.70,154.45,159.19,163.94,168.69,173.43,178.18,182.92,187.67,192.42,197.16,201.91,206.66,211.40,216.15,220.89,225.64,230.39,235.13,239.88,244.62,249.37,254.12,258.86,263.61,268.36,273.10,277.85,282.59,287.34,292.09,296.83,301.58,306.33,311.07,315.82,320.57,325.31,330.06,334.80,339.55,344.30,349.04,353.79,358.53,363.28,368.03,372.77,377.52,382.27,387.01,391.76,396.51,401.25,406.00,410.74,415.49,420.24,424.98,429.73,434.48,439.22,443.97,448.71,453.46,458.21,462.95,467.70,472.44,477.19,481.94,486.68,491.43,496.18,500.92,505.67,510.41,515.16,519.91,524.65,529.40,534.15,538.89,543.64,548.38,553.13,557.88,562.62,567.37,572.12,576.86,581.61,586.35,591.10,595.85,600.59,605.34,610.09,614.83,619.58,624.32,629.07,633.82,638.56,643.31,648.06,652.80,657.55,662.29,667.04,671.79,676.53,681.28,686.03,690.77,695.52,700.26,705.01,709.76,714.50,719.25,724.00,728.74,733.49,738.23,742.98,747.73,752.47,757.22,761.97,766.71,771.46,776.20,780.95,785.70,790.44,795.19,799.94,804.68,809.43,814.17,818.92,823.67,828.41,833.16,837.90,842.65,847.40,852.14,856.89,861.64,866.38,871.13,875.88,880.62,885.37,890.11,894.86,899.61,904.35,909.10,913.85,918.59,923.34,928.08,932.83,937.58,942.32,947.07,951.81,956.56,961.31,966.05,970.80,975.55,980.29,985.04,989.78,994.53,999.28,1004.02,1008.77,1013.52,1018.26,1023.01,1027.76,
 Segment Global,184.95,185.64,186.37,187.09,187.77,188.37,188.85,189.17,189.30,189.20,188.82,188.12,187.11,185.85,184.41,182.88,181.31,179.78,178.36,177.12,176.12,175.42,174.96,174.69,174.54,174.46,174.39,174.26,174.02,173.61,172.96,172.06,170.96,169.68,168.28,166.80,165.27,163.75,162.27,160.87,159.60,158.46,157.42,156.47,155.58,154.74,153.91,153.10,152.27,151.40,150.48,149.51,148.50,147.46,146.40,145.32,144.23,143.15,142.06,140.99,139.94,138.90,137.88,136.87,135.87,134.89,133.92,132.96,132.01,131.09,130.17,129.27,128.39,127.52,126.68,125.86,125.07,124.30,123.56,122.86,122.19,121.56,120.98,120.43,119.92,119.44,118.99,118.56,118.15,117.76,117.39,117.01,116.65,116.30,115.99,115.74,115.54,115.43,115.41,115.50,115.70,116.04,116.50,117.07,117.74,118.49,119.30,120.17,121.09,122.03,122.99,123.95,124.91,125.89,126.90,127.94,129.03,130.19,131.42,132.74,134.17,135.72,137.39,139.14,140.91,142.66,144.34,145.91,147.32,148.52,149.46,150.11,150.51,150.69,150.70,150.61,150.46,150.29,150.17,150.13,150.23,150.48,150.84,151.30,151.83,152.42,153.04,153.67,154.29,154.89,155.44,155.95,156.43,156.89,157.33,157.75,158.15,158.53,158.89,159.24,159.57,159.89,160.21,160.51,160.79,161.05,161.28,161.48,161.65,161.77,161.85,161.86,161.82,161.75,161.67,161.60,161.58,161.63,161.76,162.01,162.41,162.94,163.61,164.39,165.28,166.25,167.30,168.40,169.55,170.73,171.93,173.15,174.42,175.70,177.00,178.28,179.53,180.74,181.89,182.96,183.93,184.81,185.58,186.28,186.91,187.48,188.02,188.52,189.01,189.49,189.99,


