Timing Information
==========================================================
Clip Duration,875.613,ms
Average RR Duration,815.14,ms
Enddiastolic frame time,785.757,ms
Endsystolic  frame time,369.768,ms
Reference time,7.76333,ms
Trigger time,17.3,ms



Results
==========================================================
Global
----------------------------------------------------------
EDV,126.10,ml
ESV,45.53,ml
SV,80.57,ml
EF,63.89,%

2D
----------------------------------------------------------
RVDd base (RVD1),28.52,mm
RVDd mid (RVD2),37.56,mm
RVLd (RVD3),83.25,mm
TAPSE,23.92,mm
FAC,63.27,%
RVLS (Septum),-17.33,%
RVLS (Freewall),-34.26,%

Curves
==========================================================
Global
Global
Unit [ml]
Time [ ms],  0.00, 10.30, 20.60, 30.90, 41.20, 51.50, 61.80, 72.10, 82.40, 92.70,103.00,107.63,112.26,116.89,121.52,126.15,130.78,135.41,140.04,144.67,149.30,153.94,158.57,163.21,167.84,172.48,177.11,181.74,186.38,191.02,195.65,200.28,204.91,209.54,214.17,218.80,223.43,228.06,232.69,237.32,241.95,246.58,251.21,255.84,260.47,265.10,269.73,274.36,278.99,283.62,288.25,292.88,297.51,302.14,306.77,311.40,316.03,320.66,325.29,329.92,334.55,339.19,343.82,348.45,353.09,357.73,362.36,367.00,371.63,376.26,380.90,385.53,390.16,394.79,399.42,404.05,408.68,413.31,417.94,422.57,427.20,431.83,436.46,441.09,445.72,450.35,454.98,459.61,464.24,468.87,473.50,478.14,482.77,487.41,492.04,496.68,501.31,505.95,510.58,515.21,519.85,524.48,529.11,533.74,538.37,543.00,547.63,552.26,556.89,561.52,566.15,570.78,575.41,580.04,584.67,589.30,593.93,598.56,603.19,607.82,612.45,617.08,621.71,626.34,630.97,635.60,640.23,644.86,649.49,654.12,658.75,663.38,668.02,672.65,677.29,681.93,686.56,691.19,695.83,700.47,705.10,709.73,714.36,718.99,723.62,728.25,732.88,737.51,742.14,746.77,751.40,756.03,760.66,765.29,769.92,774.55,779.18,783.81,788.44,793.07,797.70,802.34,806.97,811.61,816.24,820.88,825.51,830.14,834.78,839.42,844.05,
 Segment Global,126.02,124.25,122.46,120.68,118.92,117.17,115.45,113.76,112.12,110.54,109.01,107.56,106.18,104.85,103.56,102.31,101.08, 99.86, 98.63, 97.39, 96.13, 94.83, 93.52, 92.19, 90.85, 89.49, 88.14, 86.78, 85.43, 84.08, 82.74, 81.41, 80.09, 78.78, 77.48, 76.18, 74.89, 73.62, 72.35, 71.10, 69.85, 68.62, 67.40, 66.20, 65.01, 63.85, 62.72, 61.62, 60.55, 59.53, 58.55, 57.62, 56.73, 55.89, 55.09, 54.32, 53.60, 52.91, 52.25, 51.63, 51.04, 50.48, 49.96, 49.47, 49.02, 48.60, 48.21, 47.84, 47.50, 47.18, 46.88, 46.59, 46.32, 46.07, 45.86, 45.69, 45.58, 45.53, 45.55, 45.66, 45.86, 46.16, 46.53, 46.99, 47.53, 48.14, 48.84, 49.60, 50.44, 51.35, 52.33, 53.38, 54.51, 55.70, 56.94, 58.21, 59.50, 60.81, 62.10, 63.38, 64.63, 65.84, 67.01, 68.16, 69.28, 70.38, 71.46, 72.54, 73.60, 74.66, 75.72, 76.78, 77.83, 78.86, 79.89, 80.91, 81.92, 82.92, 83.92, 84.91, 85.90, 86.88, 87.88, 88.87, 89.84, 90.79, 91.71, 92.58, 93.41, 94.17, 94.86, 95.47, 96.00, 96.49, 96.93, 97.35, 97.76, 98.18, 98.63, 99.12, 99.67,100.28,100.94,101.64,102.39,103.18,104.02,104.90,105.82,106.78,107.79,108.85,109.97,111.13,112.31,113.50,114.68,115.84,116.95,118.01,119.00,119.90,120.73,121.51,122.23,122.92,123.58,124.21,124.84,125.46,126.10,


