Timing Information
==========================================================
Clip Duration,1288.13,ms
Average RR Duration,1212.23,ms
Enddiastolic frame time,11.1159,ms
Endsystolic  frame time,443.637,ms
Reference time,11.1159,ms
Trigger time,23.645,ms



Results
==========================================================
Global
----------------------------------------------------------
EDV,160.30,ml
ESV,67.95,ml
SV,92.34,ml
EF,57.61,%

2D
----------------------------------------------------------
RVDd base (RVD1),28.36,mm
RVDd mid (RVD2),36.55,mm
RVLd (RVD3),82.07,mm
TAPSE,21.14,mm
FAC,56.71,%
RVLS (Septum),-24.61,%
RVLS (Freewall),-31.07,%

Curves
==========================================================
Global
Global
Unit [ml]
Time [ ms],  0.00, 14.02, 28.05, 42.07, 56.09, 70.11, 84.14, 98.16,112.18,126.20,140.23,146.82,153.41,160.00,166.60,173.19,179.78,186.37,192.97,199.56,206.15,212.74,219.33,225.93,232.52,239.11,245.70,252.30,258.89,265.48,272.07,278.67,285.26,291.85,298.44,305.04,311.63,318.22,324.81,331.40,338.00,344.59,351.18,357.77,364.37,370.96,377.55,384.14,390.74,397.33,403.92,410.51,417.10,423.70,430.29,436.88,443.47,450.07,456.66,463.25,469.84,476.44,483.03,489.62,496.21,502.80,509.40,515.99,522.58,529.17,535.77,542.36,548.95,555.54,562.14,568.73,575.32,581.91,588.50,595.10,601.69,608.28,614.87,621.47,628.06,634.65,641.24,647.84,654.43,661.02,667.61,674.21,680.80,687.39,693.98,700.57,707.17,713.76,720.35,726.94,733.54,740.13,746.72,753.31,759.91,766.50,773.09,779.68,786.27,792.87,799.46,806.05,812.64,819.24,825.83,832.42,839.01,845.61,852.20,858.79,865.38,871.97,878.57,885.16,891.75,898.34,904.94,911.53,918.12,924.71,931.31,937.90,944.49,951.08,957.67,964.27,970.86,977.45,984.04,990.64,997.23,1003.82,1010.41,1017.01,1023.60,1030.19,1036.78,1043.38,1049.97,1056.56,1063.15,1069.74,1076.34,1082.93,1089.52,1096.11,1102.71,1109.30,1115.89,1122.48,1129.08,1135.67,1142.26,1148.85,1155.44,1162.04,1168.63,1175.22,1181.81,1188.41,1195.00,1201.59,1208.18,1214.77,1221.37,1227.96,1234.55,1241.14,1247.74,1254.33,1260.92,
 Segment Global,160.30,157.72,155.12,152.53,149.96,147.44,144.98,142.61,140.36,138.24,136.28,134.51,132.92,131.47,130.11,128.81,127.52,126.20,124.80,123.28,121.61,119.75,117.75,115.64,113.43,111.17,108.87,106.58,104.31,102.09, 99.96, 97.91, 95.92, 94.00, 92.13, 90.34, 88.60, 86.94, 85.33, 83.80, 82.33, 80.94, 79.63, 78.41, 77.25, 76.18, 75.17, 74.22, 73.34, 72.52, 71.75, 71.03, 70.36, 69.74, 69.20, 68.74, 68.38, 68.12, 67.97, 67.95, 68.07, 68.34, 68.75, 69.29, 69.93, 70.65, 71.45, 72.29, 73.17, 74.06, 74.94, 75.81, 76.67, 77.52, 78.40, 79.31, 80.26, 81.27, 82.35, 83.52, 84.80, 86.17, 87.63, 89.15, 90.72, 92.33, 93.96, 95.59, 97.21, 98.81,100.35,101.87,103.37,104.83,106.23,107.54,108.74,109.83,110.76,111.53,112.12,112.49,112.66,112.67,112.54,112.32,112.03,111.70,111.36,111.06,110.82,110.65,110.52,110.44,110.39,110.38,110.40,110.45,110.52,110.62,110.74,110.88,111.07,111.28,111.52,111.78,112.03,112.29,112.53,112.76,112.95,113.11,113.24,113.35,113.44,113.53,113.63,113.75,113.89,114.06,114.28,114.56,114.91,115.29,115.71,116.14,116.56,116.95,117.31,117.61,117.84,117.96,117.99,117.96,117.94,117.96,118.08,118.35,118.82,119.53,120.53,121.87,123.50,125.37,127.43,129.63,131.89,134.18,136.43,138.60,140.61,142.48,144.23,145.88,147.45,148.96,150.42,151.86,153.29,154.72,156.19,


