Timing Information
==========================================================
Clip Duration,880,ms
Average RR Duration,880,ms
Enddiastolic frame time,771.233,ms
Endsystolic  frame time,376.097,ms
Reference time,5.104,ms
Trigger time,5.104,ms



Results
==========================================================
Global
----------------------------------------------------------
EDV,124.37,ml
ESV,44.01,ml
SV,80.37,ml
EF,64.62,%

2D
----------------------------------------------------------
RVDd base (RVD1),23.76,mm
RVDd mid (RVD2),41.85,mm
RVLd (RVD3),93.46,mm
TAPSE,31.16,mm
FAC,54.18,%
RVLS (Septum),-27.32,%
RVLS (Freewall),-38.30,%

Curves
==========================================================
Global
Global
Unit [ml]
Time [ ms],  0.00,  2.33,  4.66,  6.99,  9.32, 11.65, 13.98, 16.31, 18.64, 20.97, 23.30, 24.71, 26.12, 27.53, 28.94, 30.35, 31.76, 33.18, 34.59, 36.00, 37.41, 38.82, 40.23, 41.64, 43.05, 44.47, 45.88, 47.29, 48.70, 50.11, 51.52, 52.93, 54.34, 55.75, 57.17, 58.58, 59.99, 61.40, 62.81, 64.22, 65.63, 67.04, 68.46, 69.87, 71.28, 72.69, 74.10, 75.51, 76.92, 78.33, 79.75, 81.16, 82.57, 83.98, 85.39, 86.80, 88.21, 89.62, 91.03, 92.45, 93.86, 95.27, 96.68, 98.09, 99.50,100.91,102.32,103.74,105.15,106.56,107.97,109.38,110.79,112.20,113.61,115.03,116.44,117.85,119.26,120.67,122.08,123.49,124.90,126.31,127.73,129.14,130.55,131.96,133.37,134.78,136.19,137.60,139.02,140.43,141.84,143.25,144.66,146.07,147.48,148.89,150.31,151.72,153.13,154.54,155.95,157.36,158.77,160.18,161.59,163.01,164.42,165.83,167.24,168.65,170.06,171.47,172.88,174.30,175.71,177.12,178.53,179.94,181.35,182.76,184.17,185.59,187.00,188.41,189.82,191.23,192.64,194.05,195.46,196.87,198.29,199.70,201.11,202.52,203.93,205.34,206.75,208.16,209.58,210.99,212.40,213.81,215.22,216.63,218.04,219.45,220.87,222.28,223.69,225.10,226.51,227.92,229.33,230.74,232.15,233.57,234.98,236.39,237.80,239.21,240.62,242.03,243.44,244.86,246.27,247.68,249.09,250.50,251.91,253.32,254.73,256.14,257.56,258.97,260.38,261.79,263.20,264.61,266.02,267.43,268.85,270.26,271.67,273.08,274.49,275.90,277.31,278.72,280.14,281.55,282.96,284.37,285.78,287.19,288.60,290.01,291.43,292.84,294.25,295.66,297.07,298.48,299.89,301.30,302.71,304.13,305.54,306.95,308.36,309.77,311.18,312.59,314.00,315.42,316.83,318.24,319.65,321.06,322.47,323.88,325.29,326.71,328.12,329.53,330.94,332.35,333.76,335.17,336.58,337.99,339.41,340.82,342.23,343.64,345.05,346.46,347.87,349.28,350.70,352.11,353.52,354.93,356.34,357.75,359.16,360.57,361.99,363.40,364.81,366.22,367.63,369.04,370.45,371.86,373.27,374.69,376.10,377.51,378.92,380.33,381.74,383.15,384.56,385.98,387.39,388.80,390.21,391.62,393.03,394.44,395.85,397.27,398.68,400.09,401.50,402.91,404.32,405.73,407.14,408.55,409.97,411.38,412.79,414.20,415.61,417.02,418.43,419.84,421.26,422.67,424.08,425.49,426.90,428.31,429.72,431.13,432.55,433.96,435.37,436.78,438.19,439.60,441.01,442.42,443.83,445.25,446.66,448.07,449.48,450.89,452.30,453.71,455.12,456.54,457.95,459.36,460.77,462.18,463.59,465.00,466.41,467.83,469.24,470.65,472.06,473.47,474.88,476.29,477.70,479.11,480.53,481.94,483.35,484.76,486.17,487.58,488.99,490.40,491.82,493.23,494.64,496.05,497.46,498.87,500.28,501.69,503.11,504.52,505.93,507.34,508.75,510.16,511.57,512.98,514.39,515.81,517.22,518.63,520.04,521.45,522.86,524.27,525.68,527.10,528.51,529.92,531.33,532.74,534.15,535.56,536.97,538.39,539.80,541.21,542.62,544.03,545.44,546.85,548.26,549.67,551.09,552.50,553.91,555.32,556.73,558.14,559.55,560.96,562.38,563.79,565.20,566.61,568.02,569.43,570.84,572.25,573.66,575.08,576.49,577.90,579.31,580.72,582.13,583.54,584.95,586.37,587.78,589.19,590.60,592.01,593.42,594.83,596.24,597.66,599.07,600.48,601.89,603.30,604.71,606.12,607.53,608.95,610.36,611.77,613.18,614.59,616.00,617.41,618.82,620.23,621.65,623.06,624.47,625.88,627.29,628.70,630.11,631.52,632.94,634.35,635.76,637.17,638.58,639.99,641.40,642.81,644.23,645.64,647.05,648.46,649.87,651.28,652.69,654.10,655.51,656.93,658.34,659.75,661.16,662.57,663.98,665.39,666.80,668.22,669.63,671.04,672.45,673.86,675.27,676.68,678.09,679.50,680.92,682.33,683.74,685.15,686.56,687.97,689.38,690.79,692.21,693.62,695.03,696.44,697.85,699.26,700.67,702.08,703.50,704.91,706.32,707.73,709.14,710.55,711.96,713.37,714.78,716.20,717.61,719.02,720.43,721.84,723.25,724.66,726.07,727.49,728.90,730.31,731.72,733.13,734.54,735.95,737.36,738.78,740.19,741.60,743.01,744.42,745.83,747.24,748.65,750.06,751.48,752.89,754.30,755.71,757.12,758.53,759.94,761.35,762.77,764.18,765.59,767.00,768.41,769.82,771.23,772.64,774.06,775.47,776.88,778.29,779.70,781.11,782.52,783.93,785.35,786.76,788.17,789.58,790.99,792.40,793.81,795.22,796.63,798.05,799.46,800.87,802.28,803.69,805.10,806.51,807.92,809.34,810.75,812.16,813.57,814.98,816.39,817.80,819.21,820.63,822.04,823.45,824.86,826.27,827.68,829.09,830.50,831.91,833.33,834.74,836.15,837.56,838.97,840.38,841.79,843.20,844.62,846.03,847.44,848.85,850.26,851.67,853.08,854.49,855.90,857.32,858.73,860.14,861.55,862.96,864.37,865.78,867.19,868.61,870.02,
 Segment Global,109.90,109.71,109.52,109.33,109.14,108.94,108.74,108.54,108.33,108.12,107.90,107.68,107.45,107.21,106.97,106.72,106.47,106.21,105.94,105.67,105.38,105.09,104.80,104.49,104.18,103.87,103.55,103.24,102.92,102.61,102.30,102.00,101.70,101.41,101.11,100.82,100.53,100.24, 99.95, 99.65, 99.35, 99.05, 98.75, 98.44, 98.14, 97.83, 97.51, 97.20, 96.88, 96.57, 96.25, 95.92, 95.60, 95.27, 94.94, 94.61, 94.28, 93.95, 93.61, 93.27, 92.94, 92.60, 92.26, 91.92, 91.57, 91.23, 90.88, 90.53, 90.18, 89.83, 89.47, 89.11, 88.75, 88.38, 88.01, 87.64, 87.27, 86.89, 86.51, 86.13, 85.76, 85.38, 84.99, 84.61, 84.23, 83.84, 83.45, 83.06, 82.66, 82.26, 81.85, 81.44, 81.03, 80.60, 80.18, 79.75, 79.32, 78.89, 78.46, 78.03, 77.60, 77.18, 76.75, 76.32, 75.90, 75.47, 75.05, 74.63, 74.20, 73.78, 73.36, 72.94, 72.53, 72.11, 71.69, 71.28, 70.87, 70.45, 70.04, 69.63, 69.22, 68.82, 68.41, 68.01, 67.61, 67.21, 66.81, 66.41, 66.02, 65.63, 65.25, 64.86, 64.49, 64.11, 63.74, 63.37, 63.01, 62.64, 62.29, 61.93, 61.58, 61.23, 60.89, 60.55, 60.21, 59.88, 59.55, 59.23, 58.92, 58.61, 58.30, 58.01, 57.72, 57.44, 57.16, 56.89, 56.62, 56.36, 56.10, 55.85, 55.60, 55.35, 55.10, 54.86, 54.62, 54.38, 54.15, 53.92, 53.69, 53.47, 53.25, 53.03, 52.82, 52.61, 52.41, 52.20, 52.00, 51.80, 51.61, 51.41, 51.22, 51.03, 50.85, 50.66, 50.48, 50.30, 50.12, 49.95, 49.78, 49.61, 49.44, 49.28, 49.12, 48.96, 48.81, 48.66, 48.52, 48.37, 48.23, 48.09, 47.96, 47.83, 47.70, 47.57, 47.45, 47.33, 47.22, 47.10, 47.00, 46.90, 46.80, 46.70, 46.62, 46.53, 46.45, 46.37, 46.30, 46.23, 46.16, 46.09, 46.03, 45.97, 45.91, 45.85, 45.79, 45.73, 45.68, 45.62, 45.56, 45.51, 45.45, 45.38, 45.32, 45.25, 45.19, 45.12, 45.06, 44.99, 44.93, 44.87, 44.82, 44.76, 44.71, 44.67, 44.62, 44.58, 44.54, 44.50, 44.46, 44.42, 44.38, 44.34, 44.30, 44.26, 44.22, 44.18, 44.15, 44.12, 44.09, 44.07, 44.05, 44.03, 44.02, 44.01, 44.01, 44.01, 44.03, 44.05, 44.09, 44.14, 44.21, 44.30, 44.41, 44.52, 44.66, 44.80, 44.96, 45.13, 45.30, 45.48, 45.67, 45.86, 46.06, 46.27, 46.48, 46.70, 46.93, 47.16, 47.41, 47.67, 47.93, 48.21, 48.50, 48.80, 49.10, 49.41, 49.74, 50.06, 50.39, 50.73, 51.07, 51.42, 51.77, 52.12, 52.48, 52.84, 53.21, 53.59, 53.97, 54.36, 54.76, 55.17, 55.58, 56.00, 56.43, 56.86, 57.30, 57.75, 58.21, 58.67, 59.14, 59.61, 60.10, 60.59, 61.09, 61.58, 62.07, 62.56, 63.05, 63.52, 63.98, 64.43, 64.86, 65.29, 65.71, 66.12, 66.53, 66.93, 67.34, 67.75, 68.17, 68.60, 69.03, 69.46, 69.90, 70.34, 70.78, 71.22, 71.65, 72.09, 72.51, 72.93, 73.35, 73.76, 74.17, 74.58, 74.99, 75.42, 75.85, 76.29, 76.75, 77.23, 77.71, 78.21, 78.72, 79.24, 79.75, 80.27, 80.78, 81.29, 81.79, 82.28, 82.76, 83.24, 83.71, 84.17, 84.62, 85.07, 85.51, 85.95, 86.37, 86.80, 87.21, 87.62, 88.02, 88.41, 88.79, 89.15, 89.51, 89.85, 90.18, 90.50, 90.80, 91.09, 91.37, 91.63, 91.89, 92.13, 92.36, 92.58, 92.79, 92.99, 93.17, 93.35, 93.52, 93.67, 93.82, 93.96, 94.10, 94.22, 94.34, 94.46, 94.57, 94.67, 94.77, 94.86, 94.94, 95.00, 95.06, 95.10, 95.12, 95.14, 95.13, 95.12, 95.09, 95.06, 95.01, 94.97, 94.92, 94.86, 94.81, 94.75, 94.70, 94.64, 94.58, 94.53, 94.47, 94.41, 94.35, 94.29, 94.23, 94.16, 94.10, 94.04, 93.99, 93.93, 93.87, 93.82, 93.77, 93.73, 93.69, 93.65, 93.62, 93.59, 93.57, 93.55, 93.54, 93.53, 93.54, 93.55, 93.57, 93.60, 93.63, 93.68, 93.74, 93.80, 93.88, 93.97, 94.06, 94.17, 94.29, 94.43, 94.57, 94.72, 94.89, 95.07, 95.28, 95.51, 95.76, 96.04, 96.35, 96.69, 97.06, 97.46, 97.88, 98.33, 98.79, 99.27, 99.78,100.29,100.82,101.37,101.93,102.50,103.08,103.67,104.27,104.87,105.46,106.06,106.65,107.23,107.81,108.37,108.94,109.50,110.07,110.64,111.22,111.82,112.44,113.07,113.72,114.38,115.04,115.70,116.35,116.99,117.61,118.20,118.76,119.28,119.78,120.24,120.68,121.09,121.47,121.83,122.16,122.48,122.77,123.05,123.30,123.53,123.74,123.92,124.08,124.20,124.29,124.35,124.37,124.36,124.31,124.24,124.13,124.00,123.85,123.67,123.48,123.27,123.05,122.82,122.58,122.32,122.06,121.79,121.51,121.22,120.93,120.64,120.34,120.04,119.74,119.44,119.14,118.85,118.56,118.27,118.00,117.74,117.50,117.26,117.05,116.84,116.65,116.47,116.29,116.13,115.96,115.81,115.65,115.50,115.36,115.21,115.07,114.93,114.80,114.67,114.54,114.41,114.28,114.16,114.03,113.91,113.78,113.66,113.53,113.40,113.27,113.13,113.00,112.85,112.70,112.55,112.40,112.24,112.08,111.92,111.76,111.59,111.43,


