5 112 108 909 106 110
7 897 202 198 206 912 204 200
6 590 268 270 869 274 272
6 750 314 320 833 316 318
5 374 372 370 109 904
5 866 275 412 203 414
6 830 317 474 837 373 472
6 849 498 502 494 500 496
5 874 526 524 207 522
5 870 114 523 199 413
6 862 150 415 896 148 146
5 854 162 158 160 495
5 858 166 147 164 159
6 822 174 168 885 172 170
6 473 178 882 176 908 371
5 180 184 834 475 182
6 845 188 497 892 186 169
7 878 192 177 107 190 913 525
5 171 196 826 181 194
6 574 210 208 605 269 212
6 315 214 770 218 216 757
6 220 224 686 226 222 629
6 228 230 674 232 234 729
6 240 238 582 236 242 593
6 237 246 614 244 248 597
6 245 250 626 221 252 617
6 254 258 814 256 260 713
6 266 262 710 255 264 697
6 742 276 215 749 278 280
6 753 257 284 806 217 282
5 286 223 702 288 499
6 670 229 292 877 527 290
8 165 149 201 900 294 893 501 161
7 638 300 302 802 296 641 298
6 602 304 231 669 306 209
6 558 308 312 673 305 310
6 606 307 291 873 115 271
6 309 322 662 326 324 677
5 327 328 330 332 665
6 554 334 311 601 211 336
7 766 338 344 342 805 219 340
6 233 313 678 346 348 725
6 352 297 354 782 350 645
6 738 356 341 769 277 358
6 566 360 569 239 364 362
6 570 366 213 589 368 241
7 337 376 562 378 361 367 573
6 273 369 594 380 151 865
6 553 382 384 654 386 377
5 385 392 390 388 657
5 363 394 299 396 578
6 379 398 353 642 395 565
6 397 404 586 400 402 637
5 401 410 406 408 633
7 561 387 418 650 416 646 399
5 419 422 420 393 653
6 424 428 682 426 225 625
6 634 430 432 797 301 403
8 577 405 436 610 434 247 581 365
6 435 438 622 425 251 613
6 442 444 706 440 263 693
8 441 446 790 450 818 448 259 709
6 427 454 690 443 452 685
9 464 458 470 468 466 456 460 407 462
5 621 476 459 478 429
5 431 409 461 480 793
5 585 411 463 482 437
5 609 483 465 477 439
5 705 486 467 484 447
5 689 488 469 487 445
6 838 183 195 173 490 375
6 492 253 630 287 503 853
6 504 249 618 493 163 857
6 381 243 598 505 167 861
6 508 265 714 506 175 844
6 746 279 319 829 179 510
6 512 283 758 321 185 825
6 507 261 754 513 197 821
5 901 205 191 111 514
7 886 187 295 515 113 905 491
6 227 453 694 267 516 701
6 726 518 281 745 520 235
6 722 528 359 741 519 349
5 681 479 471 489 455
6 698 517 289 848 189 509
6 730 521 511 881 193 293
6 718 534 532 737 529 530
5 535 538 536 540 733
6 285 343 810 542 449 813
6 798 546 817 543 544 303
7 355 548 786 345 809 545 801
5 451 550 794 433 547
5 789 485 457 481 551
6 774 116 120 781 549 118
5 117 122 124 126 777
6 335 383 658 128 323 557
6 762 132 119 785 339 130
6 666 134 531 721 347 325
5 417 351 121 778 136
6 734 138 131 765 357 533
5 129 389 140 329 661
5 133 144 142 123 773
10 421 154 125 143 156 537 152 331 141 391
5 135 333 153 539 717
5 649 423 155 127 137
5 139 541 157 145 761
6 0 909 910 107 917 110
6 106 910 177 17 190 917
6 906 109 907 909 0 112
6 904 4 370 907 108 906
6 0 106 917 111 918 112
6 110 917 191 78 514 918
6 113 906 108 0 110 918
6 79 905 906 112 918 515
6 868 115 875 523 9 870
6 271 36 873 875 114 868
6 772 117 779 120 93 774
6 122 94 777 779 116 772
6 93 774 775 119 784 549
6 118 775 132 96 785 784
6 121 779 116 93 781 780
6 98 778 779 120 780 351
6 117 94 124 936 123 772
6 772 122 936 142 101 773
6 936 125 937 126 94 122
6 143 102 154 937 124 936
6 776 127 937 124 94 777
6 137 104 155 937 126 776
6 656 129 663 323 95 658
6 389 100 661 663 128 656
6 96 762 763 131 764 339
6 130 763 138 99 765 764
6 760 133 775 119 96 762
6 144 101 773 775 132 760
6 664 135 719 531 97 666
6 333 103 717 719 134 664
6 651 137 776 778 98 417
6 649 104 127 776 136 651
6 732 139 763 131 99 734
6 541 105 761 763 138 732
6 930 141 931 329 100 389
6 391 102 331 931 140 930
6 935 143 936 123 101 144
6 156 102 125 936 142 935
6 133 101 142 935 145 760
6 760 144 935 157 105 761
6 10 862 863 147 888 148
6 146 863 166 12 164 888
6 888 149 898 896 10 146
6 165 32 201 898 148 888
6 860 151 867 415 10 862
6 380 47 865 867 150 860
6 331 102 537 933 153 932
6 932 152 933 539 103 333
6 421 102 125 937 155 928
6 928 154 937 127 104 423
6 537 102 143 935 157 934
6 934 156 935 145 105 541
6 159 859 162 11 160 889
6 12 858 859 158 889 164
6 889 161 890 495 11 158
6 165 32 501 890 160 889
6 852 163 859 158 11 854
6 493 72 857 859 162 852
6 888 165 889 159 12 147
6 149 32 161 889 164 888
6 856 167 863 147 12 858
6 505 73 861 863 166 856
6 169 846 174 13 885 884
6 16 845 846 168 884 186
6 13 822 823 171 842 172
6 170 823 196 18 194 842
6 842 173 887 885 13 170
6 195 70 490 887 172 842
6 820 175 846 168 13 822
6 506 74 844 846 174 820
6 14 882 883 177 910 908
6 176 883 192 17 107 910
6 831 179 880 882 14 473
6 829 75 510 880 178 831
6 181 827 184 15 182 841
6 18 826 827 180 841 194
6 475 15 180 841 183 836
6 836 182 841 195 70 838
6 827 185 832 834 15 180
6 825 76 321 832 184 827
6 169 16 892 894 187 884
6 884 186 894 295 79 886
6 843 189 850 497 16 845
6 509 84 848 850 188 843
6 17 913 914 191 917 107
6 190 914 205 78 111 917
6 876 193 883 177 17 878
6 293 85 881 883 192 876
6 841 195 842 171 18 181
6 183 70 173 842 194 841
6 823 197 824 826 18 171
6 821 77 513 824 196 823
6 206 1 202 916 199 915
6 915 198 916 413 9 523
6 1 897 898 201 899 204
6 200 898 149 32 900 899
6 895 203 916 198 1 897
6 414 5 412 916 202 895
6 200 1 912 914 205 899
6 899 204 914 191 78 901
6 911 207 915 198 1 912
6 524 8 522 915 206 911
6 209 603 210 19 605 604
6 34 602 603 208 604 306
6 572 211 603 208 19 574
6 336 39 601 603 210 572
6 19 574 575 213 588 269
6 212 575 366 45 589 588
6 315 20 770 771 215 748
6 748 214 771 276 28 749
6 756 217 807 218 20 757
6 282 29 806 807 216 756
6 768 219 807 216 20 770
6 340 40 805 807 218 768
6 221 627 224 21 629 628
6 25 626 627 220 628 252
6 629 21 226 700 223 631
6 631 222 700 702 30 286
6 627 225 684 686 21 220
6 625 56 426 684 224 627
6 21 686 687 227 700 222
6 226 687 453 80 701 700
6 230 22 729 731 229 668
6 668 228 731 292 31 670
6 228 22 674 675 231 668
6 668 230 675 304 34 669
6 672 233 727 234 22 674
6 313 41 725 727 232 672
6 235 727 232 22 729 728
6 81 726 727 234 728 520
6 23 582 583 237 596 242
6 236 583 246 24 597 596
6 571 239 580 582 23 240
6 569 44 364 580 238 571
6 241 571 238 23 593 592
6 45 570 571 240 592 368
6 593 23 236 596 243 595
6 595 242 596 598 73 381
6 24 614 615 245 616 248
6 244 615 250 25 617 616
6 583 247 612 614 24 237
6 581 58 434 612 246 583
6 597 24 244 616 249 599
6 599 248 616 618 72 504
6 615 251 624 626 25 245
6 613 59 425 624 250 615
6 617 25 221 628 253 619
6 619 252 628 630 71 492
6 255 711 258 26 713 712
6 27 710 711 254 712 264
6 260 26 814 815 257 752
6 752 256 815 284 29 753
6 711 259 812 814 26 254
6 709 61 448 812 258 711
6 713 26 256 752 261 715
6 715 260 752 754 77 507
6 695 263 708 710 27 266
6 693 60 440 708 262 695
6 697 27 255 712 265 699
6 699 264 712 714 74 508
6 267 695 262 27 697 696
6 80 694 695 266 696 516
6 588 269 607 270 2 590
6 212 19 605 607 268 588
6 271 607 268 2 869 868
6 36 606 607 270 868 115
6 2 590 591 273 864 274
6 272 591 369 47 865 864
6 272 2 869 871 275 864
6 864 274 871 412 5 866
6 740 277 771 215 28 742
6 358 43 769 771 276 740
6 280 28 749 751 279 744
6 744 278 751 319 75 746
6 28 742 743 281 744 278
6 280 743 518 81 745 744
6 753 29 217 756 283 755
6 755 282 756 758 76 512
6 804 285 815 257 29 806
6 343 88 813 815 284 804
6 287 631 223 30 499 851
6 71 630 631 286 851 503
6 30 702 703 289 847 499
6 288 703 517 84 848 847
6 31 670 671 291 872 527
6 290 671 307 36 873 872
6 293 731 229 31 877 876
6 85 730 731 292 876 193
6 32 893 894 295 902 900
6 294 894 187 79 515 902
6 640 297 800 802 33 641
6 352 42 354 800 296 640
6 33 638 639 299 643 641
6 298 639 396 50 394 643
6 636 301 799 302 33 638
6 403 57 797 799 300 636
6 303 799 300 33 802 803
6 89 798 799 302 803 544
6 600 305 675 231 34 602
6 310 35 673 675 304 600
6 209 34 669 671 307 604
6 604 306 671 291 36 606
6 556 309 679 312 35 558
6 322 37 677 679 308 556
6 35 558 559 311 600 305
6 310 559 334 39 601 600
6 672 313 679 308 35 673
6 233 41 678 679 312 672
6 748 315 759 320 3 750
6 214 20 757 759 314 748
6 318 3 833 835 317 828
6 828 316 835 474 6 830
6 3 750 751 319 828 316
6 318 751 279 75 829 828
6 321 759 314 3 833 832
6 76 758 759 320 832 185
6 309 37 662 663 323 556
6 556 322 663 128 95 557
6 325 667 326 37 677 676
6 97 666 667 324 676 347
6 660 327 667 324 37 662
6 328 38 665 667 326 660
6 327 38 330 931 329 660
6 660 328 931 140 100 661
6 931 331 932 332 38 328
6 141 102 152 932 330 931
6 664 333 932 330 38 665
6 135 103 153 932 332 664
6 552 335 559 311 39 554
6 383 95 557 559 334 552
6 39 554 555 337 572 211
6 336 555 376 46 573 572
6 764 339 787 344 40 766
6 130 96 785 787 338 764
6 40 766 767 341 768 219
6 340 767 356 43 769 768
6 804 343 811 344 40 805
6 285 88 810 811 342 804
6 345 787 338 40 342 811
6 90 786 787 344 811 809
6 676 347 723 348 41 678
6 325 97 721 723 346 676
6 349 723 346 41 725 724
6 82 722 723 348 724 519
6 644 351 780 782 42 645
6 417 98 121 780 350 644
6 297 42 645 647 353 640
6 640 352 647 398 51 642
6 42 782 783 355 800 297
6 354 783 548 90 801 800
6 736 357 767 341 43 738
6 533 99 765 767 356 736
6 43 738 739 359 740 277
6 358 739 528 82 741 740
6 564 361 568 569 44 566
6 378 46 367 568 360 564
6 44 566 567 363 579 364
6 362 567 394 50 578 579
6 579 365 580 239 44 362
6 577 58 581 580 364 579
6 568 367 575 213 45 570
6 361 46 573 575 366 568
6 589 45 241 592 369 591
6 591 368 592 594 47 273
6 372 4 109 907 371 840
6 840 370 907 908 14 473
6 839 373 840 370 4 374
6 837 6 472 840 372 839
6 375 839 372 4 904 903
6 70 838 839 374 903 490
6 555 377 560 562 46 337
6 553 48 386 560 376 555
6 46 562 563 379 564 361
6 378 563 398 51 565 564
6 47 594 595 381 860 151
6 380 595 243 73 861 860
6 552 383 659 384 48 553
6 335 95 658 659 382 552
6 652 385 659 382 48 654
6 392 49 657 659 384 652
6 377 48 654 655 387 560
6 560 386 655 418 54 561
6 656 389 930 390 49 657
6 129 100 140 930 388 656
6 929 391 930 388 49 392
6 421 102 141 930 390 929
6 385 49 390 929 393 652
6 652 392 929 420 55 653
6 567 395 643 299 50 363
6 565 51 642 643 394 567
6 576 397 639 299 50 578
6 404 52 637 639 396 576
6 563 399 647 353 51 379
6 561 54 646 647 398 563
6 584 401 635 402 52 586
6 410 53 633 635 400 584
6 403 635 400 52 637 636
6 57 634 635 402 636 301
6 397 52 586 587 405 576
6 576 404 587 436 58 577
6 921 407 922 408 53 410
6 462 63 460 922 406 921
6 632 409 922 406 53 633
6 431 65 461 922 408 632
6 401 53 406 921 411 584
6 584 410 921 463 66 585
6 413 871 275 5 203 916
6 9 870 871 412 916 199
6 5 866 867 415 895 203
6 414 867 150 10 896 895
6 644 417 651 650 54 646
6 351 98 136 651 416 644
6 648 419 655 387 54 650
6 422 55 653 655 418 648
6 928 421 929 393 55 422
6 154 102 391 929 420 928
6 419 55 420 928 423 648
6 648 422 928 155 104 649
6 425 623 428 56 625 624
6 59 622 623 424 624 251
6 56 682 683 427 684 225
6 426 683 454 62 685 684
6 623 429 680 682 56 424
6 621 64 478 680 428 623
6 632 431 795 432 57 634
6 409 65 793 795 430 632
6 433 795 430 57 797 796
6 91 794 795 432 796 547
6 58 610 611 435 612 247
6 434 611 438 59 613 612
6 587 437 608 610 58 405
6 585 66 482 608 436 587
6 611 439 620 622 59 435
6 609 67 477 620 438 611
6 60 706 707 441 708 263
6 440 707 446 61 709 708
6 443 691 444 60 693 692
6 62 690 691 442 692 452
6 691 445 704 706 60 442
6 689 69 487 704 444 691
6 707 447 788 790 61 441
6 705 68 484 788 446 707
6 259 61 818 819 449 812
6 812 448 819 542 88 813
6 61 790 791 451 816 818
6 450 791 550 91 547 816
6 685 62 443 692 453 687
6 687 452 692 694 80 227
6 683 455 688 690 62 427
6 681 83 489 688 454 683
6 460 63 466 924 457 923
6 923 456 924 485 92 481
6 464 63 470 927 459 919
6 919 458 927 478 64 476
6 407 63 456 923 461 922
6 922 460 923 480 65 409
6 464 63 407 921 463 920
6 920 462 921 411 66 482
6 458 63 462 920 465 919
6 919 464 920 483 67 477
6 456 63 468 925 467 924
6 924 466 925 486 68 484
6 466 63 470 926 469 925
6 925 468 926 488 69 487
6 468 63 458 927 471 926
6 926 470 927 479 83 489
6 6 830 831 473 840 373
6 472 831 178 14 371 840
6 475 835 317 6 837 836
6 15 834 835 474 836 182
6 620 477 919 459 64 621
6 439 67 465 919 476 620
6 429 64 459 927 479 680
6 680 478 927 471 83 681
6 792 481 923 461 65 793
6 551 92 457 923 480 792
6 437 66 463 920 483 608
6 608 482 920 465 67 609
6 447 68 467 924 485 788
6 788 484 924 457 92 789
6 704 487 925 467 68 705
6 445 69 469 925 486 704
6 688 489 926 469 69 689
6 455 83 471 926 488 688
6 491 887 173 70 375 903
6 79 886 887 490 903 905
6 493 619 253 71 853 852
6 72 618 619 492 852 163
6 495 855 502 7 500 890
6 11 854 855 494 890 160
6 7 849 850 497 891 500
6 496 850 188 16 892 891
6 847 499 851 502 7 849
6 288 30 286 851 498 847
6 890 501 891 496 7 494
6 161 32 893 891 500 890
6 498 7 494 855 503 851
6 851 502 855 853 71 287
6 505 599 249 72 857 856
6 73 598 599 504 856 167
6 74 714 715 507 820 175
6 506 715 261 77 821 820
6 509 699 265 74 844 843
6 84 698 699 508 843 189
6 75 746 747 511 880 179
6 510 747 521 85 881 880
6 513 755 283 76 825 824
6 77 754 755 512 824 197
6 78 901 902 515 918 111
6 514 902 295 79 113 918
6 267 80 701 703 517 696
6 696 516 703 289 84 698
6 724 519 743 281 81 726
6 349 82 741 743 518 724
6 235 81 745 747 521 728
6 728 520 747 511 85 730
6 8 874 875 523 915 207
6 522 875 114 9 199 915
6 525 879 526 8 207 911
6 17 878 879 524 911 913
6 872 527 879 524 8 874
6 290 31 877 879 526 872
6 720 529 739 359 82 722
6 530 86 737 739 528 720
6 86 718 719 531 720 529
6 530 719 134 97 721 720
6 533 735 534 86 737 736
6 99 734 735 532 736 357
6 716 535 735 532 86 718
6 538 87 733 735 534 716
6 933 537 934 540 87 538
6 152 102 156 934 536 933
6 535 87 536 933 539 716
6 716 538 933 153 103 717
6 732 541 934 536 87 733
6 139 105 157 934 540 732
6 808 543 819 449 88 810
6 544 89 817 819 542 808
6 803 545 808 543 89 303
6 801 90 809 808 544 803
6 796 547 816 817 89 798
6 433 91 451 816 546 796
6 783 549 784 786 90 355
6 781 93 118 784 548 783
6 791 551 792 794 91 451
6 789 92 481 792 550 791
6 335 383 382 553 554 334
6 552 382 48 377 555 554
6 334 552 553 555 336 39
6 554 553 377 376 337 336
6 309 322 323 557 558 308
6 556 323 95 335 559 558
6 308 556 557 559 310 35
6 558 557 335 334 311 310
6 377 386 387 561 562 376
6 560 387 54 399 563 562
6 376 560 561 563 378 46
6 562 561 399 398 379 378
6 361 378 379 565 566 360
6 564 379 51 395 567 566
6 360 564 565 567 362 44
6 566 565 395 394 363 362
6 367 361 360 569 570 366
6 568 360 44 239 571 570
6 366 568 569 571 241 45
6 570 569 239 238 240 241
6 211 336 337 573 574 210
6 572 337 46 367 575 574
6 210 572 573 575 212 19
6 574 573 367 366 213 212
6 397 404 405 577 578 396
6 576 405 58 365 579 578
6 396 576 577 579 363 50
6 578 577 365 364 362 363
6 239 364 365 581 582 238
6 580 365 58 247 583 582
6 238 580 581 583 236 23
6 582 581 247 246 237 236
6 401 410 411 585 586 400
6 584 411 66 437 587 586
6 400 584 585 587 404 52
6 586 585 437 436 405 404
6 269 212 213 589 590 268
6 588 213 45 368 591 590
6 268 588 589 591 272 2
6 590 589 368 369 273 272
6 368 241 240 593 594 369
6 592 240 23 242 595 594
6 369 592 593 595 380 47
6 594 593 242 243 381 380
6 242 236 237 597 598 243
6 596 237 24 248 599 598
6 243 596 597 599 505 73
6 598 597 248 249 504 505
6 305 310 311 601 602 304
6 600 311 39 211 603 602
6 304 600 601 603 209 34
6 602 601 211 210 208 209
6 306 209 208 605 606 307
6 604 208 19 269 607 606
6 307 604 605 607 271 36
6 606 605 269 268 270 271
6 437 482 483 609 610 436
6 608 483 67 439 611 610
6 436 608 609 611 434 58
6 610 609 439 438 435 434
6 247 434 435 613 614 246
6 612 435 59 251 615 614
6 246 612 613 615 244 24
6 614 613 251 250 245 244
6 248 244 245 617 618 249
6 616 245 25 252 619 618
6 249 616 617 619 493 72
6 618 617 252 253 492 493
6 439 477 476 621 622 438
6 620 476 64 429 623 622
6 438 620 621 623 425 59
6 622 621 429 428 424 425
6 251 425 424 625 626 250
6 624 424 56 225 627 626
6 250 624 625 627 221 25
6 626 625 225 224 220 221
6 252 221 220 629 630 253
6 628 220 21 222 631 630
6 253 628 629 631 287 71
6 630 629 222 223 286 287
6 431 409 408 633 634 430
6 632 408 53 401 635 634
6 430 632 633 635 403 57
6 634 633 401 400 402 403
6 301 403 402 637 638 300
6 636 402 52 397 639 638
6 300 636 637 639 298 33
6 638 637 397 396 299 298
6 352 297 296 641 642 353
6 640 296 33 298 643 642
6 353 640 641 643 395 51
6 642 641 298 299 394 395
6 417 351 350 645 646 416
6 644 350 42 352 647 646
6 416 644 645 647 399 54
6 646 645 352 353 398 399
6 419 422 423 649 650 418
6 648 423 104 137 651 650
6 418 648 649 651 416 54
6 650 649 137 136 417 416
6 385 392 393 653 654 384
6 652 393 55 419 655 654
6 384 652 653 655 386 48
6 654 653 419 418 387 386
6 129 389 388 657 658 128
6 656 388 49 385 659 658
6 128 656 657 659 383 95
6 658 657 385 384 382 383
6 327 328 329 661 662 326
6 660 329 100 129 663 662
6 326 660 661 663 322 37
6 662 661 129 128 323 322
6 135 333 332 665 666 134
6 664 332 38 327 667 666
6 134 664 665 667 325 97
6 666 665 327 326 324 325
6 228 230 231 669 670 229
6 668 231 34 306 671 670
6 229 668 669 671 290 31
6 670 669 306 307 291 290
6 233 313 312 673 674 232
6 672 312 35 305 675 674
6 232 672 673 675 230 22
6 674 673 305 304 231 230
6 347 325 324 677 678 346
6 676 324 37 309 679 678
6 346 676 677 679 313 41
6 678 677 309 308 312 313
6 429 478 479 681 682 428
6 680 479 83 455 683 682
6 428 680 681 683 426 56
6 682 681 455 454 427 426
6 225 426 427 685 686 224
6 684 427 62 452 687 686
6 224 684 685 687 226 21
6 686 685 452 453 227 226
6 455 489 488 689 690 454
6 688 488 69 445 691 690
6 454 688 689 691 443 62
6 690 689 445 444 442 443
6 452 443 442 693 694 453
6 692 442 60 263 695 694
6 453 692 693 695 267 80
6 694 693 263 262 266 267
6 516 267 266 697 698 517
6 696 266 27 264 699 698
6 517 696 697 699 509 84
6 698 697 264 265 508 509
6 222 226 227 701 702 223
6 700 227 80 516 703 702
6 223 700 701 703 288 30
6 702 701 516 517 289 288
6 445 487 486 705 706 444
6 704 486 68 447 707 706
6 444 704 705 707 440 60
6 706 705 447 446 441 440
6 263 440 441 709 710 262
6 708 441 61 259 711 710
6 262 708 709 711 255 27
6 710 709 259 258 254 255
6 264 255 254 713 714 265
6 712 254 26 260 715 714
6 265 712 713 715 506 74
6 714 713 260 261 507 506
6 535 538 539 717 718 534
6 716 539 103 135 719 718
6 534 716 717 719 530 86
6 718 717 135 134 531 530
6 529 530 531 721 722 528
6 720 531 97 347 723 722
6 528 720 721 723 349 82
6 722 721 347 346 348 349
6 519 349 348 725 726 518
6 724 348 41 233 727 726
6 518 724 725 727 235 81
6 726 725 233 232 234 235
6 520 235 234 729 730 521
6 728 234 22 228 731 730
6 521 728 729 731 293 85
6 730 729 228 229 292 293
6 139 541 540 733 734 138
6 732 540 87 535 735 734
6 138 732 733 735 533 99
6 734 733 535 534 532 533
6 357 533 532 737 738 356
6 736 532 86 529 739 738
6 356 736 737 739 358 43
6 738 737 529 528 359 358
6 277 358 359 741 742 276
6 740 359 82 519 743 742
6 276 740 741 743 280 28
6 742 741 519 518 281 280
6 278 280 281 745 746 279
6 744 281 81 520 747 746
6 279 744 745 747 510 75
6 746 745 520 521 511 510
6 315 214 215 749 750 314
6 748 215 28 278 751 750
6 314 748 749 751 318 3
6 750 749 278 279 319 318
6 260 256 257 753 754 261
6 752 257 29 282 755 754
6 261 752 753 755 513 77
6 754 753 282 283 512 513
6 282 217 216 757 758 283
6 756 216 20 315 759 758
6 283 756 757 759 321 76
6 758 757 315 314 320 321
6 133 144 145 761 762 132
6 760 145 105 139 763 762
6 132 760 761 763 130 96
6 762 761 139 138 131 130
6 339 130 131 765 766 338
6 764 131 99 357 767 766
6 338 764 765 767 340 40
6 766 765 357 356 341 340
6 219 340 341 769 770 218
6 768 341 43 277 771 770
6 218 768 769 771 214 20
6 770 769 277 276 215 214
6 117 122 123 773 774 116
6 772 123 101 133 775 774
6 116 772 773 775 118 93
6 774 773 133 132 119 118
6 137 127 126 777 778 136
6 776 126 94 117 779 778
6 136 776 777 779 121 98
6 778 777 117 116 120 121
6 351 121 120 781 782 350
6 780 120 93 549 783 782
6 350 780 781 783 354 42
6 782 781 549 548 355 354
6 549 118 119 785 786 548
6 784 119 96 339 787 786
6 548 784 785 787 345 90
6 786 785 339 338 344 345
6 447 484 485 789 790 446
6 788 485 92 551 791 790
6 446 788 789 791 450 61
6 790 789 551 550 451 450
6 551 481 480 793 794 550
6 792 480 65 431 795 794
6 550 792 793 795 433 91
6 794 793 431 430 432 433
6 547 433 432 797 798 546
6 796 432 57 301 799 798
6 546 796 797 799 303 89
6 798 797 301 300 302 303
6 297 354 355 801 802 296
6 800 355 90 545 803 802
6 296 800 801 803 302 33
6 802 801 545 544 303 302
6 285 343 342 805 806 284
6 804 342 40 219 807 806
6 284 804 805 807 217 29
6 806 805 219 218 216 217
6 543 544 545 809 810 542
6 808 545 90 345 811 810
6 542 808 809 811 343 88
6 810 809 345 344 342 343
6 259 448 449 813 814 258
6 812 449 88 285 815 814
6 258 812 813 815 256 26
6 814 813 285 284 257 256
6 451 547 546 817 818 450
6 816 546 89 543 819 818
6 450 816 817 819 448 61
6 818 817 543 542 449 448
6 175 506 507 821 822 174
6 820 507 77 197 823 822
6 174 820 821 823 170 13
6 822 821 197 196 171 170
6 197 513 512 825 826 196
6 824 512 76 185 827 826
6 196 824 825 827 181 18
6 826 825 185 184 180 181
6 316 318 319 829 830 317
6 828 319 75 179 831 830
6 317 828 829 831 472 6
6 830 829 179 178 473 472
6 185 321 320 833 834 184
6 832 320 3 316 835 834
6 184 832 833 835 475 15
6 834 833 316 317 474 475
6 182 475 474 837 838 183
6 836 474 6 373 839 838
6 183 836 837 839 375 70
6 838 837 373 372 374 375
6 371 370 372 373 472 473
6 182 183 195 194 181 180
6 194 195 173 172 170 171
6 189 509 508 844 845 188
6 843 508 74 175 846 845
6 188 843 844 846 169 16
6 845 844 175 174 168 169
6 499 288 289 848 849 498
6 847 289 84 189 850 849
6 498 847 848 850 496 7
6 849 848 189 188 497 496
6 499 498 502 503 287 286
6 163 493 492 853 854 162
6 852 492 71 503 855 854
6 162 852 853 855 495 11
6 854 853 503 502 494 495
6 167 505 504 857 858 166
6 856 504 72 163 859 858
6 166 856 857 859 159 12
6 858 857 163 162 158 159
6 151 380 381 861 862 150
6 860 381 73 167 863 862
6 150 860 861 863 146 10
6 862 861 167 166 147 146
6 274 272 273 865 866 275
6 864 273 47 151 867 866
6 275 864 865 867 414 5
6 866 865 151 150 415 414
6 115 271 270 869 870 114
6 868 270 2 274 871 870
6 114 868 869 871 413 9
6 870 869 274 275 412 413
6 527 290 291 873 874 526
6 872 291 36 115 875 874
6 526 872 873 875 522 8
6 874 873 115 114 523 522
6 193 293 292 877 878 192
6 876 292 31 527 879 878
6 192 876 877 879 525 17
6 878 877 527 526 524 525
6 179 510 511 881 882 178
6 880 511 85 193 883 882
6 178 880 881 883 176 14
6 882 881 193 192 177 176
6 186 169 168 885 886 187
6 884 168 13 172 887 886
6 187 884 885 887 491 79
6 886 885 172 173 490 491
6 164 165 149 148 146 147
6 160 161 165 164 159 158
6 500 501 161 160 495 494
6 500 496 497 892 893 501
6 891 497 16 186 894 893
6 501 891 892 894 294 32
6 893 892 186 187 295 294
6 203 414 415 896 897 202
6 895 415 10 148 898 897
6 202 895 896 898 200 1
6 897 896 148 149 201 200
6 204 200 201 900 901 205
6 899 201 32 294 902 901
6 205 899 900 902 514 78
6 901 900 294 295 515 514
6 490 375 374 904 905 491
6 903 374 4 109 906 905
6 491 903 904 906 113 79
6 905 904 109 108 112 113
6 109 370 371 908 909 108
6 907 371 14 176 910 909
6 108 907 908 910 106 0
6 909 908 176 177 107 106
6 524 207 206 912 913 525
6 911 206 1 204 914 913
6 525 911 912 914 190 17
6 913 912 204 205 191 190
6 199 198 206 207 522 523
6 203 202 198 199 413 412
6 106 107 190 191 111 110
6 514 515 113 112 110 111
6 465 464 458 459 476 477
6 463 462 464 465 483 482
6 406 407 462 463 411 410
6 461 460 407 406 408 409
6 457 456 460 461 480 481
6 467 466 456 457 485 484
6 469 468 466 467 486 487
6 471 470 468 469 488 489
6 459 458 470 471 479 478
6 420 421 154 155 423 422
6 390 391 421 420 393 392
6 140 141 391 390 388 389
6 330 331 141 140 329 328
6 153 152 331 330 332 333
6 536 537 152 153 539 538
6 157 156 537 536 540 541
6 142 143 156 157 145 144
6 124 125 143 142 123 122
6 155 154 125 124 126 127
