Timing Information
==========================================================
Clip Duration,1167,ms
Average RR Duration,1167,ms
Enddiastolic frame time,1185,ms
Endsystolic  frame time,442.862,ms
Reference time,69.961,ms
Trigger time,69.961,ms



Results
==========================================================
Global
----------------------------------------------------------
EDV,179.98,ml
ESV,76.84,ml
SV,103.14,ml
EF,57.31,%

2D
----------------------------------------------------------
RVDd base (RVD1),30.02,mm
RVDd mid (RVD2),48.32,mm
RVLd (RVD3),88.65,mm
TAPSE,25.51,mm
FAC,43.31,%
RVLS (Septum),-22.06,%
RVLS (Freewall),-29.04,%

Curves
==========================================================
Global
Global
Unit [ml]
Time [ ms],  0.00, 13.04, 26.08, 39.11, 52.15, 65.19, 78.23, 91.27,104.31,117.34,130.38,134.29,138.19,142.10,146.01,149.91,153.82,157.72,161.63,165.54,169.44,173.35,177.25,181.16,185.07,188.97,192.88,196.78,200.69,204.60,208.50,212.41,216.31,220.22,224.13,228.03,231.94,235.84,239.75,243.66,247.56,251.47,255.37,259.28,263.19,267.09,271.00,274.90,278.81,282.72,286.62,290.53,294.43,298.34,302.25,306.15,310.06,313.96,317.87,321.78,325.68,329.59,333.49,337.40,341.31,345.21,349.12,353.02,356.93,360.84,364.74,368.65,372.55,376.46,380.37,384.27,388.18,392.08,395.99,399.90,403.80,407.71,411.61,415.52,419.43,423.33,427.24,431.14,435.05,438.96,442.86,446.77,450.67,454.58,458.49,462.39,466.30,470.20,474.11,478.02,481.92,485.83,489.73,493.64,497.55,501.45,505.36,509.26,513.17,517.08,520.98,524.89,528.79,532.70,536.61,540.51,544.42,548.32,552.23,556.14,560.04,563.95,567.85,571.76,575.67,579.57,583.48,587.38,591.29,595.20,599.10,603.01,606.91,610.82,614.73,618.63,622.54,626.44,630.35,634.26,638.16,642.07,645.97,649.88,653.79,657.69,661.60,665.50,669.41,673.32,677.22,681.13,685.03,688.94,692.85,696.75,700.66,704.56,708.47,712.38,716.28,720.19,724.09,728.00,731.91,735.81,739.72,743.62,747.53,751.44,755.34,759.25,763.15,767.06,770.97,774.87,778.78,782.68,786.59,790.50,794.40,798.31,802.21,806.12,810.03,813.93,817.84,821.74,825.65,829.56,833.46,837.37,841.27,845.18,849.09,852.99,856.90,860.80,864.71,868.62,872.52,876.43,880.33,884.24,888.15,892.05,895.96,899.86,903.77,907.68,911.58,915.49,919.39,923.30,927.21,931.11,935.02,938.92,942.83,946.74,950.64,954.55,958.45,962.36,966.27,970.17,974.08,977.98,981.89,985.80,989.70,993.61,997.51,1001.42,1005.33,1009.23,1013.14,1017.04,1020.95,1024.86,1028.76,1032.67,1036.57,1040.48,1044.39,1048.29,1052.20,1056.10,1060.01,1063.92,1067.82,1071.73,1075.63,1079.54,1083.45,1087.35,1091.26,1095.16,1099.07,1102.98,1106.88,1110.79,1114.69,1118.60,1122.51,1126.41,1130.32,1134.22,1138.13,1142.04,1145.94,1149.85,1153.75,1157.66,1161.57,1165.47,1169.38,1173.28,1177.19,1181.10,1185.00,
 Segment Global,177.81,174.97,172.12,169.28,166.46,163.71,161.04,158.49,156.08,153.83,151.78,149.95,148.34,146.90,145.60,144.40,143.25,142.11,140.95,139.74,138.41,136.98,135.46,133.87,132.24,130.56,128.87,127.18,125.51,123.87,122.28,120.74,119.23,117.75,116.30,114.88,113.48,112.10,110.75,109.42,108.12,106.83,105.57,104.33,103.13,101.94,100.79, 99.65, 98.55, 97.46, 96.40, 95.37, 94.36, 93.37, 92.41, 91.48, 90.59, 89.73, 88.90, 88.12, 87.38, 86.69, 86.03, 85.42, 84.85, 84.30, 83.79, 83.30, 82.84, 82.39, 81.97, 81.56, 81.17, 80.80, 80.45, 80.12, 79.80, 79.49, 79.20, 78.92, 78.64, 78.38, 78.12, 77.87, 77.65, 77.44, 77.25, 77.10, 76.97, 76.89, 76.84, 76.84, 76.87, 76.95, 77.07, 77.23, 77.44, 77.70, 78.01, 78.38, 78.79, 79.26, 79.77, 80.34, 80.96, 81.64, 82.39, 83.22, 84.12, 85.10, 86.18, 87.34, 88.60, 89.94, 91.33, 92.77, 94.23, 95.69, 97.15, 98.59, 99.98,101.33,102.63,103.90,105.14,106.35,107.54,108.71,109.86,111.00,112.12,113.24,114.34,115.41,116.47,117.50,118.52,119.51,120.49,121.44,122.38,123.30,124.19,125.06,125.91,126.73,127.51,128.26,128.97,129.63,130.26,130.83,131.37,131.86,132.31,132.72,133.08,133.39,133.65,133.87,134.03,134.14,134.20,134.21,134.18,134.13,134.05,133.95,133.85,133.74,133.65,133.55,133.46,133.38,133.30,133.23,133.17,133.11,133.07,133.05,133.04,133.04,133.07,133.11,133.17,133.24,133.31,133.38,133.45,133.52,133.58,133.62,133.67,133.70,133.73,133.76,133.79,133.81,133.84,133.87,133.90,133.94,133.98,134.02,134.07,134.11,134.15,134.18,134.21,134.23,134.25,134.25,134.25,134.24,134.22,134.20,134.18,134.16,134.13,134.11,134.09,134.07,134.06,134.06,134.06,134.05,134.05,134.04,134.03,134.01,133.98,133.94,133.90,133.86,133.83,133.82,133.83,133.88,133.96,134.08,134.26,134.47,134.72,135.03,135.40,135.85,136.40,137.07,137.88,138.83,139.94,141.22,142.66,144.24,145.93,147.72,149.59,151.52,153.50,155.50,157.52,159.56,161.63,163.72,165.78,167.78,169.69,171.48,173.12,174.58,175.83,176.84,177.65,178.27,178.74,179.09,179.34,179.53,179.68,179.82,179.98,


