Timing Information
==========================================================
Clip Duration,923,ms
Average RR Duration,923,ms
Enddiastolic frame time,875.902,ms
Endsystolic  frame time,401.278,ms
Reference time,21.089,ms
Trigger time,21.089,ms



Results
==========================================================
Global
----------------------------------------------------------
EDV,251.09,ml
ESV,147.96,ml
SV,103.13,ml
EF,41.07,%

2D
----------------------------------------------------------
RVDd base (RVD1),27.26,mm
RVDd mid (RVD2),55.14,mm
RVLd (RVD3),102.80,mm
TAPSE,14.93,mm
FAC,29.49,%
RVLS (Septum),-12.85,%
RVLS (Freewall),-18.78,%

Curves
==========================================================
Global
Global
Unit [ml]
Time [ ms],  0.00,  8.49, 16.97, 25.46, 33.94, 42.43, 50.92, 59.40, 67.89, 76.38, 84.86, 88.82, 92.77, 96.73,100.68,104.64,108.59,112.55,116.50,120.46,124.41,128.37,132.32,136.28,140.23,144.19,148.15,152.10,156.06,160.01,163.97,167.92,171.88,175.83,179.79,183.74,187.70,191.65,195.61,199.56,203.52,207.47,211.43,215.38,219.34,223.29,227.25,231.20,235.16,239.11,243.07,247.03,250.98,254.94,258.89,262.85,266.80,270.76,274.71,278.67,282.62,286.58,290.53,294.49,298.44,302.40,306.35,310.31,314.26,318.22,322.17,326.13,330.08,334.04,337.99,341.95,345.91,349.86,353.82,357.77,361.73,365.68,369.64,373.59,377.55,381.50,385.46,389.41,393.37,397.32,401.28,405.23,409.19,413.14,417.10,421.05,425.01,428.96,432.92,436.87,440.83,444.79,448.74,452.70,456.65,460.61,464.56,468.52,472.47,476.43,480.38,484.34,488.29,492.25,496.20,500.16,504.11,508.07,512.02,515.98,519.93,523.89,527.84,531.80,535.75,539.71,543.67,547.62,551.58,555.53,559.49,563.44,567.40,571.35,575.31,579.26,583.22,587.17,591.13,595.08,599.04,602.99,606.95,610.90,614.86,618.81,622.77,626.72,630.68,634.63,638.59,642.55,646.50,650.46,654.41,658.37,662.32,666.28,670.23,674.19,678.14,682.10,686.05,690.01,693.96,697.92,701.87,705.83,709.78,713.74,717.69,721.65,725.60,729.56,733.51,737.47,741.43,745.38,749.34,753.29,757.25,761.20,765.16,769.11,773.07,777.02,780.98,784.93,788.89,792.84,796.80,800.75,804.71,808.66,812.62,816.57,820.53,824.48,828.44,832.39,836.35,840.31,844.26,848.22,852.17,856.13,860.08,864.04,867.99,871.95,875.90,879.86,883.81,887.77,891.72,895.68,899.63,903.59,907.54,911.50,915.45,
 Segment Global,246.85,244.95,243.04,241.14,239.23,237.34,235.46,233.59,231.74,229.91,228.11,226.35,224.63,222.93,221.25,219.57,217.88,216.17,214.43,212.64,210.81,208.90,206.94,204.95,202.93,200.91,198.90,196.91,194.98,193.11,191.31,189.61,187.97,186.40,184.90,183.45,182.05,180.71,179.41,178.14,176.91,175.72,174.57,173.46,172.38,171.34,170.34,169.36,168.40,167.47,166.56,165.67,164.80,163.95,163.12,162.31,161.52,160.76,160.03,159.33,158.65,158.01,157.39,156.81,156.24,155.70,155.18,154.68,154.18,153.71,153.23,152.77,152.32,151.88,151.46,151.06,150.67,150.30,149.95,149.63,149.33,149.05,148.80,148.57,148.37,148.21,148.09,148.00,147.96,147.96,148.02,148.13,148.29,148.50,148.76,149.08,149.44,149.86,150.33,150.85,151.42,152.04,152.70,153.41,154.17,154.99,155.88,156.83,157.86,158.96,160.13,161.40,162.75,164.16,165.63,167.14,168.68,170.23,171.78,173.32,174.83,176.30,177.74,179.15,180.54,181.91,183.27,184.63,185.98,187.35,188.73,190.13,191.54,192.95,194.33,195.68,196.97,198.18,199.30,200.31,201.19,201.94,202.57,203.09,203.51,203.84,204.10,204.29,204.42,204.52,204.58,204.61,204.60,204.57,204.50,204.42,204.33,204.22,204.12,204.02,203.94,203.87,203.82,203.80,203.80,203.83,203.89,203.99,204.12,204.29,204.49,204.73,204.99,205.31,205.69,206.14,206.68,207.32,208.08,208.97,210.01,211.20,212.53,213.98,215.53,217.18,218.90,220.67,222.49,224.33,226.18,228.04,229.92,231.81,233.67,235.51,237.29,239.00,240.62,242.14,243.53,244.80,245.94,246.96,247.87,248.66,249.33,249.90,250.35,250.70,250.94,251.07,251.09,251.02,250.86,250.64,250.36,250.04,249.70,249.34,248.98,


