Directory Name:
data/Young healthy volunteer_0[00-38].obj

Number of beutels: 38

Version: v-050323-1

Details: Indexed curvature calculated using regional volumes

Beutel, Total Volume, Total Surface Area, Total Curvature, Volume Inflow Tract, Volume Outflow Tract, Volume Septal Body, Volume Free-wall Body, Volume Septal Apex, Volume Free-wal Apex, Surface Area Inflow Tract, Surface Area Outflow Tract, Surface Area Septal Body, Surface Area Free-wall Body, Surface Area Septal Apex, Surface Area Free-wal Apex,Curvature Inflow Tract, Curvature Outflow Tract, Curvature Septal Body, Curvature Free-wall Body, Curvature Septal Apex, Curvature Free-wal Apex,
0, 150.097885 , 18101.134766, 0.031530,  25.981880, 32.136330, 25.052701, 67.728709, 9.810472, 11.445455, 3133.298817, 3875.498122, 3021.243979, 8167.780324, 1183.099161, 1380.270837, 0.557548, 0.460871,-0.015627, 0.912378, 1.170888, 0.820323,
1, 132.627197 , 17080.458984, 0.032179,  23.994453, 28.710916, 22.442558, 58.337818, 8.788728, 9.985421, 3090.137616, 3697.549674, 2890.276031, 7513.065110, 1131.860690, 1285.977485, 0.544273, 0.448222,-0.046724, 0.903723, 1.159239, 0.820855,
2, 132.952148 , 17080.689453, 0.031930,  24.067951, 28.864723, 22.480804, 58.346995, 8.932861, 9.979756, 3092.068872, 3708.321965, 2888.164160, 7495.982091, 1147.626677, 1282.123835, 0.544846, 0.442335,-0.038569, 0.898331, 1.134876, 0.819404,
3, 132.851517 , 17013.607422, 0.031768,  24.054008, 28.925580, 22.456894, 58.133613, 9.035289, 9.990015, 3080.472718, 3704.349880, 2875.938510, 7444.871950, 1157.102864, 1279.369660, 0.545562, 0.434727,-0.019175, 0.888741, 1.124801, 0.819399,
4, 127.411713 , 16541.744141, 0.031873,  23.484356, 28.016542, 21.348610, 55.325750, 8.618247, 9.611733, 3048.952218, 3637.361835, 2771.670295, 7182.891014, 1118.899012, 1247.882446, 0.548687, 0.423669,-0.017604, 0.875897, 1.123574, 0.813925,
5, 117.873749 , 15704.204102, 0.032250,  22.399354, 26.375723, 19.362870, 50.557885, 7.866454, 8.943815, 2984.243991, 3514.011738, 2579.696107, 6735.777359, 1048.039877, 1191.575750, 0.554306, 0.407540,-0.019077, 0.860387, 1.128754, 0.802729,
6, 107.937927 , 14856.339844, 0.032662,  21.187778, 24.643689, 17.351423, 45.609544, 7.135559, 8.197895, 2916.239359, 3391.903354, 2388.211843, 6277.597834, 982.122741, 1128.340368, 0.564595, 0.390486,-0.033473, 0.843572, 1.132317, 0.792064,
7, 98.924179 , 14094.464844, 0.033090,  20.039607, 23.032012, 15.613585, 41.112257, 6.505229, 7.486375, 2855.192232, 3281.542447, 2224.583865, 5857.569772, 926.848527, 1066.639623, 0.573215, 0.375708,-0.051976, 0.829005, 1.133154, 0.784295,
8, 92.077950 , 13501.783203, 0.033516,  19.146816, 21.811281, 14.286180, 37.731813, 6.017257, 6.938019, 2807.579501, 3198.281425, 2094.843662, 5532.776972, 882.336127, 1017.351386, 0.581974, 0.363555,-0.060753, 0.817090, 1.136151, 0.777431,
9, 85.706375 , 12959.229492, 0.034100,  18.297743, 20.646682, 13.112521, 34.582500, 5.564257, 6.417993, 2766.709482, 3121.880760, 1982.678284, 5229.045474, 841.343264, 970.432440, 0.591449, 0.350592,-0.045460, 0.806398, 1.128564, 0.771286,
10, 80.523949 , 12508.125977, 0.033986,  17.578375, 19.689214, 12.175184, 32.034588, 5.198798, 5.992827, 2730.523582, 3058.409136, 1891.222979, 4976.068547, 807.551302, 930.891299, 0.552574, 0.341218,-0.057022, 0.797405, 1.132667, 0.766005,
11, 76.530403 , 12156.894531, 0.034338,  17.017013, 18.948102, 11.479909, 30.054297, 4.927664, 5.658191, 2703.161482, 3009.915916, 1823.589517, 4774.140854, 782.761942, 898.806575, 0.559243, 0.335016,-0.067017, 0.789253, 1.136912, 0.762548,
12, 73.677856 , 11931.509766, 0.034979,  16.598422, 18.377292, 11.037983, 28.649749, 4.728427, 5.417614, 2687.975043, 2976.048089, 1787.508570, 4639.586287, 765.728967, 877.337049, 0.562399, 0.332982,-0.042131, 0.786737, 1.145307, 0.760491,
13, 72.961433 , 11852.948242, 0.035184,  16.496448, 18.269072, 10.860238, 28.320694, 4.662834, 5.393681, 2679.930105, 2967.901659, 1764.299787, 4600.837688, 757.500616, 876.230309, 0.591339, 0.324626,-0.037885, 0.781470, 1.141623, 0.755418,
14, 72.347191 , 11749.988281, 0.034676,  16.408625, 18.210231, 10.597180, 28.093482, 4.613256, 5.393566, 2664.943211, 2957.544040, 1721.099934, 4562.693810, 749.244151, 875.975022, 0.601310, 0.310934,-0.065653, 0.772532, 1.129352, 0.748818,
15, 74.793533 , 11936.926758, 0.034217,  16.844581, 18.719787, 11.017581, 29.215694, 4.756113, 5.627701, 2688.367949, 2987.647722, 1758.388189, 4662.777545, 759.067959, 898.171926, 0.596454, 0.308497,-0.066953, 0.770631, 1.143332, 0.748450,
16, 83.128922 , 12596.660156, 0.033179,  18.215397, 20.362016, 12.527382, 33.099229, 5.296469, 6.367635, 2760.208705, 3085.489327, 1898.294524, 5015.579884, 802.582561, 964.898084, 0.574083, 0.313888,-0.035014, 0.776950, 1.133553, 0.753047,
17, 95.079781 , 13558.876953, 0.032053,  20.151902, 22.622650, 14.816017, 38.642345, 6.152196, 7.363688, 2873.767248, 3226.108899, 2112.841929, 5510.601647, 877.335500, 1050.100607, 0.550781, 0.330035,-0.010255, 0.789239, 1.118639, 0.761682,
18, 105.626785 , 14535.339844, 0.031722,  21.627387, 24.377469, 17.153004, 43.589381, 7.002865, 8.169599, 2976.152669, 3354.592420, 2360.431140, 5998.350600, 963.666774, 1124.221494, 0.553382, 0.356519,-0.014527, 0.810457, 1.113535, 0.777008,
19, 115.959351 , 15440.286133, 0.032067,  22.647717, 26.091301, 19.094422, 49.237990, 7.551593, 8.956652, 3015.601768, 3474.123850, 2542.471424, 6556.165037, 1005.514109, 1192.601236, 0.559331, 0.390237,-0.016355, 0.844197, 1.152094, 0.792989,
20, 126.932106 , 16165.427734, 0.031724,  23.736297, 28.166468, 20.687918, 55.383899, 8.145947, 9.841395, 3022.934198, 3587.138269, 2634.708117, 7053.412060, 1037.426448, 1253.350041, 0.552605, 0.414259,-0.010430, 0.858890, 1.163581, 0.800350,
21, 134.105377 , 16674.472656, 0.031546,  24.438695, 29.489853, 21.808654, 59.346715, 8.583046, 10.410085, 3038.672488, 3666.726262, 2711.656925, 7379.085818, 1067.203650, 1294.375170, 0.550727, 0.426928,-0.002741, 0.870331, 1.165821, 0.803641,
22, 136.603378 , 16863.503906, 0.031295,  24.715325, 29.958783, 22.356738, 60.469529, 8.843875, 10.613928, 3051.073803, 3698.371621, 2759.909309, 7464.882360, 1091.764564, 1310.275240, 0.549747, 0.426864, 0.002967, 0.870451, 1.148494, 0.800524,
23, 135.568161 , 16820.355469, 0.031244,  24.665316, 29.750712, 22.324298, 59.727699, 8.859883, 10.502667, 3060.300726, 3691.261379, 2769.843554, 7410.597292, 1099.272641, 1303.097858, 0.550351, 0.423315, 0.001896, 0.867257, 1.140044, 0.801231,
24, 132.982361 , 16644.884766, 0.031322,  24.447923, 29.266979, 21.919134, 58.294324, 8.707673, 10.275617, 3060.051171, 3663.233546, 2743.532557, 7296.473179, 1089.905445, 1286.158961, 0.550103, 0.419628,-0.002088, 0.864023, 1.141033, 0.801787,
25, 130.988251 , 16496.990234, 0.031371,  24.283257, 28.902347, 21.620732, 57.151882, 8.594631, 10.119505, 3058.294474, 3640.034274, 2722.969343, 7197.851700, 1082.429381, 1274.475914, 0.553045, 0.415430,-0.003316, 0.859965, 1.139419, 0.800733,
26, 129.450577 , 16395.080078, 0.031460,  24.130384, 28.603477, 21.386069, 56.330054, 8.486083, 9.987314, 3056.144080, 3622.667068, 2708.573040, 7134.273667, 1074.773266, 1264.906077, 0.553014, 0.414409,-0.006419, 0.858760, 1.142400, 0.801535,
27, 128.834366 , 16357.153320, 0.031514,  24.054163, 28.484005, 21.262359, 56.049876, 8.421485, 9.939774, 3053.980485, 3616.404973, 2699.525654, 7116.241163, 1069.214106, 1261.980059, 0.553641, 0.413783,-0.008683, 0.859014, 1.146135, 0.801678,
28, 128.454575 , 16336.156250, 0.031580,  23.999433, 28.404441, 21.183002, 55.899937, 8.372245, 9.904534, 3052.117774, 3612.322801, 2693.939433, 7109.051028, 1064.736737, 1259.604949, 0.553783, 0.414301,-0.010724, 0.860026, 1.150614, 0.802590,
29, 128.198090 , 16319.641602, 0.031646,  23.943243, 28.355751, 21.103986, 55.826516, 8.345327, 9.873016, 3047.979546, 3609.692755, 2686.541652, 7106.726529, 1062.361727, 1256.836901, 0.553631, 0.415827,-0.011799, 0.861239, 1.153426, 0.803290,
30, 127.929520 , 16307.842773, 0.031696,  23.887306, 28.303144, 21.034365, 55.728400, 8.328922, 9.838803, 3045.039242, 3607.949103, 2681.360019, 7103.989288, 1061.731090, 1254.203404, 0.554308, 0.416507,-0.013465, 0.862497, 1.154003, 0.803549,
31, 127.594795 , 16288.480469, 0.031692,  23.836327, 28.240525, 20.973917, 55.554597, 8.326192, 9.796791, 3042.894690, 3605.125294, 2677.485573, 7091.981446, 1062.903976, 1250.637514, 0.551067, 0.416842,-0.014468, 0.863019, 1.153355, 0.803566,
32, 127.217941 , 16268.905273, 0.031714,  23.786146, 28.166539, 20.923556, 55.339998, 8.331719, 9.745608, 3041.823843, 3601.997978, 2675.749617, 7076.998620, 1065.478190, 1246.289410, 0.550485, 0.417453,-0.015563, 0.863335, 1.151272, 0.803932,
33, 127.888588 , 16320.349609, 0.031699,  23.847589, 28.282960, 21.049700, 55.684597, 8.396378, 9.790550, 3043.281750, 3609.296306, 2686.232438, 7106.123650, 1071.493766, 1249.409423, 0.549812, 0.419650,-0.014955, 0.864551, 1.149426, 0.804549,
34, 131.552063 , 16603.015625, 0.031610,  24.250694, 28.925672, 21.735232, 57.601015, 8.637816, 10.072894, 3060.648547, 3650.671348, 2743.175353, 7269.749118, 1090.167557, 1271.286801, 0.548345, 0.426629,-0.013219, 0.870849, 1.151009, 0.807109,
35, 139.082245 , 17207.982422, 0.031442,  25.030509, 30.235492, 23.131701, 61.612906, 9.114474, 10.653978, 3096.905299, 3740.893052, 2861.974867, 7623.070539, 1127.690311, 1318.165794, 0.547048, 0.438308,-0.012598, 0.885088, 1.156738, 0.812253,
36, 147.714355 , 17863.943359, 0.031462,  25.864221, 31.737098, 24.686023, 66.289557, 9.671552, 11.303418, 3127.908374, 3838.149073, 2985.422197, 8016.775752, 1169.636150, 1366.987057, 0.558223, 0.455727,-0.011030, 0.901218, 1.163275, 0.818188,
37, 152.458603 , 18224.386719, 0.031401,  26.285100, 32.572235, 25.453073, 68.973410, 9.960027, 11.650860, 3142.031964, 3893.574910, 3042.574331, 8244.848376, 1190.587922, 1392.704481, 0.556423, 0.463959,-0.011583, 0.911452, 1.168323, 0.821140,
38, 150.922302 , 18149.470703, 0.031480,  26.093151, 32.292255, 25.177810, 68.200032, 9.832917, 11.518789, 3137.885100, 3883.371036, 3027.808957, 8201.534094, 1182.477562, 1385.215483, 0.557720, 0.461768,-0.016442, 0.912299, 1.169608, 0.821133,
