Directory Name:
data/Young healthy volunteer_0[00-38].obj

Number of beutels: 38

Version: v-280223

Beutel, Total Volume, Total Surface Area, Total Curvature, Volume Inflow Tract, Volume Outflow Tract, Volume Septal Body, Volume Free-wall Body, Volume Septal Apex, Volume Free-wal Apex, Surface Area Inflow Tract, Surface Area Outflow Tract, Surface Area Septal Body, Surface Area Free-wall Body, Surface Area Septal Apex, Surface Area Free-wal Apex,Curvature Inflow Tract, Curvature Outflow Tract, Curvature Septal Body, Curvature Free-wall Body, Curvature Septal Apex, Curvature Free-wal Apex, Minimum Curvature, Maximum Curvature
0, 150.097885 , 18101.134766, 0.031530,  25.850528, 29.997552, 24.878785, 65.129475, 14.253183, 11.445455, 3117.458418, 3617.570962, 3000.270570, 7854.324218, 1718.870286, 1380.270837, 0.054137, 0.041303, 0.070040, 0.067015, 0.095211, 0.082032, -0.24836, 0.84754
1, 132.627197 , 17080.458984, 0.032179,  23.868146, 26.840611, 22.197482, 56.031564, 12.672306, 9.985421, 3073.871123, 3456.681514, 2858.713874, 7216.052993, 1632.009213, 1285.977485, 0.052893, 0.039877, 0.069937, 0.065456, 0.093076, 0.082085, -0.26629, 0.88360
2, 132.952148 , 17080.689453, 0.031930,  23.941345, 26.978220, 22.233814, 56.025473, 12.834849, 9.979756, 3075.803484, 3465.958320, 2856.432744, 7197.730418, 1648.924671, 1282.123835, 0.052945, 0.039295, 0.070814, 0.064891, 0.090682, 0.081940, -0.26560, 0.87257
3, 132.851517 , 17013.607422, 0.031768,  23.927536, 27.019573, 22.249272, 55.796153, 12.944940, 9.990015, 3064.276087, 3460.257378, 2849.349439, 7145.525491, 1657.791685, 1279.369660, 0.052998, 0.038572, 0.071865, 0.064034, 0.090291, 0.081940, -0.26787, 0.85237
4, 127.411713 , 16541.744141, 0.031873,  23.361054, 26.170849, 21.221014, 53.081574, 12.300920, 9.611733, 3032.944065, 3397.737201, 2755.104684, 6891.531685, 1597.017074, 1247.882446, 0.053309, 0.037513, 0.071288, 0.063021, 0.089915, 0.081393, -0.28167, 0.83118
5, 117.873749 , 15704.204102, 0.032250,  22.282334, 24.653927, 19.342292, 48.485004, 11.158871, 8.943815, 2968.653541, 3284.618428, 2576.954592, 6459.609445, 1486.685489, 1191.575750, 0.053869, 0.035976, 0.069738, 0.061981, 0.089949, 0.080273, -0.30982, 0.80020
6, 107.937927 , 14856.339844, 0.032662,  21.077874, 23.061652, 17.400185, 43.722855, 10.040020, 8.197895, 2901.112486, 3174.155366, 2394.923427, 6017.918116, 1381.886331, 1128.340368, 0.054899, 0.034328, 0.068079, 0.060579, 0.088956, 0.079206, -0.34228, 0.77484
7, 98.924179 , 14094.464844, 0.033090,  19.936294, 21.583529, 15.699268, 39.395855, 9.074214, 7.486375, 2840.472540, 3075.166370, 2236.791779, 5613.021251, 1292.870985, 1066.639623, 0.055761, 0.032863, 0.067097, 0.059207, 0.087069, 0.078430, -0.37119, 0.75565
8, 92.077950 , 13501.783203, 0.033516,  19.049040, 20.461697, 14.403907, 36.146439, 8.332077, 6.938019, 2793.242193, 3000.386021, 2112.106398, 5300.306767, 1221.768005, 1017.351386, 0.056626, 0.031667, 0.066214, 0.058079, 0.086608, 0.077743, -0.39981, 0.73975
9, 85.706375 , 12959.229492, 0.034100,  18.205207, 19.388072, 13.250122, 33.117689, 7.657139, 6.417993, 2752.717611, 2931.572590, 2003.484220, 5007.558840, 1157.797423, 970.432440, 0.057553, 0.030364, 0.066443, 0.057008, 0.087228, 0.077129, -0.43715, 0.73048
10, 80.523949 , 12508.125977, 0.033986,  17.490294, 18.507730, 12.322719, 30.669296, 7.115292, 5.992827, 2716.841576, 2874.884203, 1914.140286, 4763.991868, 1105.248461, 930.891299, 0.053621, 0.029408, 0.065711, 0.056083, 0.086916, 0.076601, -0.46692, 0.72542
11, 76.530403 , 12156.894531, 0.034338,  16.932364, 17.826689, 11.630573, 28.765068, 6.713193, 5.658191, 2689.714852, 2831.778897, 1847.522570, 4569.346156, 1066.394188, 898.806575, 0.054270, 0.028754, 0.065155, 0.055233, 0.086760, 0.076255, -0.49332, 0.72112
12, 73.677856 , 11931.509766, 0.034979,  16.516166, 17.300553, 11.177179, 27.413760, 6.433967, 5.417614, 2674.654290, 2801.679175, 1810.050177, 4439.428111, 1041.926940, 877.337049, 0.054582, 0.028503, 0.064512, 0.054868, 0.092079, 0.076049, -0.51861, 0.71974
13, 72.961433 , 11852.948242, 0.035184,  16.415200, 17.191470, 11.024885, 27.096251, 6.338615, 5.393681, 2666.730909, 2792.839898, 1791.047410, 4401.920795, 1029.739594, 876.230309, 0.057462, 0.027723, 0.064533, 0.054444, 0.091654, 0.075542, -0.52837, 0.71214
14, 72.347191 , 11749.988281, 0.034676,  16.328816, 17.128327, 10.798860, 26.876362, 6.259729, 5.393566, 2651.981299, 2781.830832, 1753.854890, 4365.020007, 1016.649516, 875.975022, 0.058424, 0.026448, 0.064509, 0.053881, 0.085325, 0.074882, -0.53715, 0.70083
15, 74.793533 , 11936.926758, 0.034217,  16.762331, 17.580310, 11.266934, 27.937907, 6.477312, 5.627701, 2675.240968, 2805.789027, 1798.184411, 4458.844709, 1033.768546, 898.171926, 0.057943, 0.026273, 0.064470, 0.054232, 0.084838, 0.074845, -0.53018, 0.70121
16, 83.128922 , 12596.660156, 0.033179,  18.125122, 19.063938, 12.839105, 31.633482, 7.301110, 6.367635, 2746.529195, 2888.789482, 1945.530401, 4793.472844, 1106.348983, 964.898084, 0.055748, 0.026876, 0.064520, 0.055783, 0.085997, 0.075305, -0.48932, 0.70549
17, 95.079781 , 13558.876953, 0.032053,  20.050532, 21.109238, 15.162014, 36.914000, 8.587288, 7.363688, 2859.311348, 3010.288414, 2162.182892, 5264.130532, 1224.592494, 1050.100607, 0.053452, 0.028463, 0.065231, 0.057603, 0.086372, 0.076168, -0.43180, 0.71372
18, 105.626785 , 14535.339844, 0.031722,  21.516289, 22.717181, 17.385503, 41.649036, 9.887865, 8.169599, 2960.864399, 3126.119549, 2392.425470, 5731.339112, 1360.672762, 1124.221494, 0.053751, 0.030940, 0.066957, 0.059021, 0.086820, 0.077701, -0.38006, 0.72480
19, 115.959351 , 15440.286133, 0.032067,  22.531077, 24.322387, 19.220826, 47.145185, 10.801251, 8.956652, 3000.070902, 3238.588367, 2559.302478, 6277.502741, 1438.214347, 1192.601236, 0.054337, 0.034273, 0.067057, 0.061648, 0.092713, 0.079299, -0.33007, 0.76332
20, 126.932106 , 16165.427734, 0.031724,  23.615935, 26.262278, 20.815077, 53.123209, 11.725075, 9.841395, 3007.605530, 3344.630338, 2650.902500, 6765.502009, 1493.245997, 1253.350041, 0.053620, 0.036805, 0.067157, 0.063192, 0.093534, 0.080035, -0.30721, 0.77063
21, 134.105377 , 16674.472656, 0.031546,  24.315664, 27.496283, 21.913212, 56.973096, 12.393582, 10.410085, 3023.374980, 3418.848561, 2724.657490, 7083.953432, 1541.000354, 1294.375170, 0.053424, 0.038120, 0.067529, 0.064260, 0.094242, 0.080364, -0.28976, 0.77562
22, 136.603378 , 16863.503906, 0.031295,  24.590617, 27.923024, 22.446284, 58.044940, 12.766024, 10.613928, 3035.678681, 3447.059858, 2770.963649, 7165.570072, 1575.948598, 1310.275240, 0.053320, 0.038098, 0.068802, 0.064104, 0.092410, 0.080052, -0.28409, 0.76991
23, 135.568161 , 16820.355469, 0.031244,  24.540297, 27.722443, 22.398101, 57.308533, 12.776000, 10.502667, 3044.789355, 3439.607890, 2779.000559, 7110.444041, 1585.157204, 1303.097858, 0.053382, 0.037698, 0.069208, 0.063692, 0.091527, 0.080123, -0.28507, 0.77233
24, 132.982361 , 16644.884766, 0.031322,  24.323683, 27.274196, 21.989845, 55.915266, 12.542945, 10.275617, 3044.500509, 3413.804670, 2752.383180, 6998.695707, 1569.951484, 1286.158961, 0.053365, 0.037295, 0.068901, 0.063398, 0.091548, 0.080179, -0.29001, 0.77387
25, 130.988251 , 16496.990234, 0.031371,  24.159563, 26.932836, 21.700376, 54.801549, 12.364362, 10.119505, 3042.716110, 3391.989061, 2732.999918, 6901.844764, 1557.198860, 1274.475914, 0.053666, 0.036855, 0.068796, 0.063052, 0.091301, 0.080073, -0.29498, 0.77087
26, 129.450577 , 16395.080078, 0.031460,  24.007234, 26.657035, 21.465226, 54.006220, 12.204825, 9.987314, 3040.547002, 3376.147731, 2718.598360, 6839.957078, 1545.756688, 1264.906077, 0.053669, 0.036737, 0.068526, 0.062939, 0.091595, 0.080153, -0.29848, 0.77243
27, 128.834366 , 16357.153320, 0.031514,  23.931472, 26.546004, 21.346916, 53.739063, 12.112868, 9.939774, 3038.403215, 3370.351192, 2710.261209, 6822.854266, 1537.881897, 1261.980059, 0.053732, 0.036677, 0.068288, 0.062969, 0.091917, 0.080168, -0.29957, 0.77407
28, 128.454575 , 16336.156250, 0.031580,  23.877033, 26.474898, 21.265750, 53.599268, 12.047087, 9.904534, 3036.551613, 3366.934096, 2704.462826, 6816.464350, 1532.083199, 1259.604949, 0.053748, 0.036729, 0.068070, 0.063060, 0.092366, 0.080259, -0.30000, 0.77681
29, 128.198090 , 16319.641602, 0.031646,  23.821156, 26.435796, 21.181458, 53.535708, 12.001607, 9.873016, 3032.437867, 3365.282027, 2696.403839, 6815.106252, 1527.806997, 1256.836901, 0.053735, 0.036885, 0.067936, 0.063154, 0.092654, 0.080329, -0.30004, 0.77929
30, 127.929520 , 16307.842773, 0.031696,  23.765501, 26.392922, 21.101506, 53.447371, 11.972481, 9.838803, 3029.512157, 3364.443262, 2689.918889, 6813.214711, 1526.194453, 1254.203404, 0.053806, 0.036951, 0.067904, 0.063219, 0.092657, 0.080355, -0.29965, 0.78245
31, 127.594795 , 16288.480469, 0.031692,  23.714655, 26.340627, 21.030721, 53.282651, 11.956374, 9.796791, 3027.362309, 3362.588303, 2684.737059, 6801.949696, 1526.325249, 1250.637514, 0.053486, 0.036975, 0.068038, 0.063206, 0.092456, 0.080357, -0.29953, 0.78453
32, 127.217941 , 16268.905273, 0.031714,  23.664558, 26.278297, 20.962270, 53.076612, 11.952703, 9.745608, 3026.274913, 3360.525506, 2680.700413, 6787.551871, 1528.537512, 1246.289410, 0.053433, 0.037021, 0.068177, 0.063165, 0.092169, 0.080393, -0.29941, 0.78676
33, 127.888588 , 16320.349609, 0.031699,  23.725633, 26.390115, 21.077354, 53.410579, 12.043851, 9.790550, 3027.718520, 3367.743152, 2689.761503, 6815.927631, 1536.961686, 1249.409423, 0.053367, 0.037236, 0.068334, 0.063244, 0.092022, 0.080455, -0.29736, 0.78824
34, 131.552063 , 16603.015625, 0.031610,  24.126743, 26.986491, 21.737870, 55.265074, 12.420110, 10.072894, 3045.004853, 3405.929870, 2743.508235, 6974.932979, 1567.525917, 1271.286801, 0.053214, 0.037924, 0.068651, 0.063781, 0.092413, 0.080711, -0.28874, 0.79514
35, 139.082245 , 17207.982422, 0.031442,  24.903081, 28.196821, 23.085842, 59.152160, 13.178475, 10.653978, 3081.139241, 3488.657966, 2856.300975, 7318.614241, 1630.509771, 1318.165794, 0.053076, 0.039080, 0.069195, 0.064931, 0.093384, 0.081225, -0.27121, 0.81417
36, 147.714355 , 17863.943359, 0.031462,  25.733162, 29.601350, 24.568001, 63.694734, 14.049615, 11.303418, 3112.058675, 3579.860790, 2971.149052, 7702.969057, 1699.100458, 1366.987057, 0.054197, 0.040818, 0.069774, 0.066277, 0.094392, 0.081819, -0.25491, 0.82975
37, 152.458603 , 18224.386719, 0.031401,  26.152625, 30.386238, 25.295416, 66.311257, 14.497621, 11.650860, 3126.196409, 3632.268187, 3023.728526, 7926.623606, 1732.996659, 1392.704481, 0.054015, 0.041649, 0.069793, 0.067161, 0.095119, 0.082114, -0.24672, 0.83873
38, 150.922302 , 18149.470703, 0.031480,  25.961211, 30.128728, 25.030124, 65.571857, 14.298192, 11.518789, 3122.018389, 3623.191729, 3010.048683, 7885.477480, 1719.458221, 1385.215483, 0.054152, 0.041421, 0.069616, 0.067146, 0.095122, 0.082113, -0.24729, 0.84591