Directory Name:
data/Young healthy volunteer_0[00-38].obj

Number of beutels: 38

Version: v-010323

Details: Indexed curvature calculated using regional volumes

Beutel, Total Volume, Total Surface Area, Total Curvature, Volume Inflow Tract, Volume Outflow Tract, Volume Septal Body, Volume Free-wall Body, Volume Septal Apex, Volume Free-wal Apex, Surface Area Inflow Tract, Surface Area Outflow Tract, Surface Area Septal Body, Surface Area Free-wall Body, Surface Area Septal Apex, Surface Area Free-wal Apex,Curvature Inflow Tract, Curvature Outflow Tract, Curvature Septal Body, Curvature Free-wall Body, Curvature Septal Apex, Curvature Free-wal Apex, Minimum Curvature, Maximum Curvature
0, 150.097885 , 18101.134766, 0.031530,  25.850528, 29.997552, 24.878785, 65.129475, 14.253183, 11.445455, 3117.458418, 3617.570962, 3000.270570, 7854.324218, 1718.870286, 1380.270837, 0.541365, 0.413027, 0.700400, 0.670148, 0.952108, 0.820323, -2.48358, 8.47542
1, 132.627197 , 17080.458984, 0.032179,  23.868146, 26.840611, 22.197482, 56.031564, 12.672306, 9.985421, 3073.871123, 3456.681514, 2858.713874, 7216.052993, 1632.009213, 1285.977485, 0.528927, 0.398770, 0.699368, 0.654563, 0.930759, 0.820855, -2.66287, 8.83602
2, 132.952148 , 17080.689453, 0.031930,  23.941345, 26.978220, 22.233814, 56.025473, 12.834849, 9.979756, 3075.803484, 3465.958320, 2856.432744, 7197.730418, 1648.924671, 1282.123835, 0.529449, 0.392950, 0.708139, 0.648907, 0.906816, 0.819404, -2.65600, 8.72568
3, 132.851517 , 17013.607422, 0.031768,  23.927536, 27.019573, 22.249272, 55.796153, 12.944940, 9.990015, 3064.276087, 3460.257378, 2849.349439, 7145.525491, 1657.791685, 1279.369660, 0.529980, 0.385716, 0.718647, 0.640341, 0.902906, 0.819399, -2.67867, 8.52375
4, 127.411713 , 16541.744141, 0.031873,  23.361054, 26.170849, 21.221014, 53.081574, 12.300920, 9.611733, 3032.944065, 3397.737201, 2755.104684, 6891.531685, 1597.017074, 1247.882446, 0.533089, 0.375133, 0.712877, 0.630209, 0.899154, 0.813925, -2.81671, 8.31178
5, 117.873749 , 15704.204102, 0.032250,  22.282334, 24.653927, 19.342292, 48.485004, 11.158871, 8.943815, 2968.653541, 3284.618428, 2576.954592, 6459.609445, 1486.685489, 1191.575750, 0.538694, 0.359758, 0.697376, 0.619811, 0.899489, 0.802729, -3.09824, 8.00200
6, 107.937927 , 14856.339844, 0.032662,  21.077874, 23.061652, 17.400185, 43.722855, 10.040020, 8.197895, 2901.112486, 3174.155366, 2394.923427, 6017.918116, 1381.886331, 1128.340368, 0.548990, 0.343276, 0.680792, 0.605795, 0.889562, 0.792064, -3.42282, 7.74839
7, 98.924179 , 14094.464844, 0.033090,  19.936294, 21.583529, 15.699268, 39.395855, 9.074214, 7.486375, 2840.472540, 3075.166370, 2236.791779, 5613.021251, 1292.870985, 1066.639623, 0.557609, 0.328635, 0.670970, 0.592071, 0.870687, 0.784295, -3.71189, 7.55652
8, 92.077950 , 13501.783203, 0.033516,  19.049040, 20.461697, 14.403907, 36.146439, 8.332077, 6.938019, 2793.242193, 3000.386021, 2112.106398, 5300.306767, 1221.768005, 1017.351386, 0.566256, 0.316671, 0.662142, 0.580788, 0.866082, 0.777431, -3.99806, 7.39750
9, 85.706375 , 12959.229492, 0.034100,  18.205207, 19.388072, 13.250122, 33.117689, 7.657139, 6.417993, 2752.717611, 2931.572590, 2003.484220, 5007.558840, 1157.797423, 970.432440, 0.575526, 0.303638, 0.664431, 0.570079, 0.872282, 0.771286, -4.37148, 7.30481
10, 80.523949 , 12508.125977, 0.033986,  17.490294, 18.507730, 12.322719, 30.669296, 7.115292, 5.992827, 2716.841576, 2874.884203, 1914.140286, 4763.991868, 1105.248461, 930.891299, 0.536207, 0.294081, 0.657115, 0.560829, 0.869163, 0.766005, -4.66922, 7.25424
11, 76.530403 , 12156.894531, 0.034338,  16.932364, 17.826689, 11.630573, 28.765068, 6.713193, 5.658191, 2689.714852, 2831.778897, 1847.522570, 4569.346156, 1066.394188, 898.806575, 0.542702, 0.287543, 0.651550, 0.552334, 0.867597, 0.762548, -4.93318, 7.21118
12, 73.677856 , 11931.509766, 0.034979,  16.516166, 17.300553, 11.177179, 27.413760, 6.433967, 5.417614, 2674.654290, 2801.679175, 1810.050177, 4439.428111, 1041.926940, 877.337049, 0.545815, 0.285034, 0.645122, 0.548677, 0.920787, 0.760491, -5.18613, 7.19738
13, 72.961433 , 11852.948242, 0.035184,  16.415200, 17.191470, 11.024885, 27.096251, 6.338615, 5.393681, 2666.730909, 2792.839898, 1791.047410, 4401.920795, 1029.739594, 876.230309, 0.574618, 0.277233, 0.645334, 0.544444, 0.916541, 0.755418, -5.28369, 7.12141
14, 72.347191 , 11749.988281, 0.034676,  16.328816, 17.128327, 10.798860, 26.876362, 6.259729, 5.393566, 2651.981299, 2781.830832, 1753.854890, 4365.020007, 1016.649516, 875.975022, 0.584244, 0.264485, 0.645088, 0.538807, 0.853253, 0.748818, -5.37147, 7.00827
15, 74.793533 , 11936.926758, 0.034217,  16.762331, 17.580310, 11.266934, 27.937907, 6.477312, 5.627701, 2675.240968, 2805.789027, 1798.184411, 4458.844709, 1033.768546, 898.171926, 0.579433, 0.262729, 0.644695, 0.542324, 0.848378, 0.748450, -5.30179, 7.01206
16, 83.128922 , 12596.660156, 0.033179,  18.125122, 19.063938, 12.839105, 31.633482, 7.301110, 6.367635, 2746.529195, 2888.789482, 1945.530401, 4793.472844, 1106.348983, 964.898084, 0.557478, 0.268765, 0.645202, 0.557830, 0.859975, 0.753047, -4.89318, 7.05495
17, 95.079781 , 13558.876953, 0.032053,  20.050532, 21.109238, 15.162014, 36.914000, 8.587288, 7.363688, 2859.311348, 3010.288414, 2162.182892, 5264.130532, 1224.592494, 1050.100607, 0.534519, 0.284629, 0.652311, 0.576030, 0.863723, 0.761682, -4.31801, 7.13722
18, 105.626785 , 14535.339844, 0.031722,  21.516289, 22.717181, 17.385503, 41.649036, 9.887865, 8.169599, 2960.864399, 3126.119549, 2392.425470, 5731.339112, 1360.672762, 1124.221494, 0.537510, 0.309402, 0.669575, 0.590214, 0.868204, 0.777008, -3.80055, 7.24805
19, 115.959351 , 15440.286133, 0.032067,  22.531077, 24.322387, 19.220826, 47.145185, 10.801251, 8.956652, 3000.070902, 3238.588367, 2559.302478, 6277.502741, 1438.214347, 1192.601236, 0.543374, 0.342733, 0.670573, 0.616481, 0.927130, 0.792989, -3.30069, 7.63316
20, 126.932106 , 16165.427734, 0.031724,  23.615935, 26.262278, 20.815077, 53.123209, 11.725075, 9.841395, 3007.605530, 3344.630338, 2650.902500, 6765.502009, 1493.245997, 1253.350041, 0.536204, 0.368055, 0.671572, 0.631919, 0.935344, 0.800350, -3.07205, 7.70625
21, 134.105377 , 16674.472656, 0.031546,  24.315664, 27.496283, 21.913212, 56.973096, 12.393582, 10.410085, 3023.374980, 3418.848561, 2724.657490, 7083.953432, 1541.000354, 1294.375170, 0.534236, 0.381204, 0.675292, 0.642603, 0.942420, 0.803641, -2.89755, 7.75623
22, 136.603378 , 16863.503906, 0.031295,  24.590617, 27.923024, 22.446284, 58.044940, 12.766024, 10.613928, 3035.678681, 3447.059858, 2770.963649, 7165.570072, 1575.948598, 1310.275240, 0.533197, 0.380979, 0.688024, 0.641043, 0.924096, 0.800524, -2.84093, 7.69912
23, 135.568161 , 16820.355469, 0.031244,  24.540297, 27.722443, 22.398101, 57.308533, 12.776000, 10.502667, 3044.789355, 3439.607890, 2779.000559, 7110.444041, 1585.157204, 1303.097858, 0.533824, 0.376976, 0.692076, 0.636925, 0.915274, 0.801231, -2.85069, 7.72332
24, 132.982361 , 16644.884766, 0.031322,  24.323683, 27.274196, 21.989845, 55.915266, 12.542945, 10.275617, 3044.500509, 3413.804670, 2752.383180, 6998.695707, 1569.951484, 1286.158961, 0.533651, 0.372949, 0.689008, 0.633978, 0.915481, 0.801787, -2.90015, 7.73872
25, 130.988251 , 16496.990234, 0.031371,  24.159563, 26.932836, 21.700376, 54.801549, 12.364362, 10.119505, 3042.716110, 3391.989061, 2732.999918, 6901.844764, 1557.198860, 1274.475914, 0.536664, 0.368554, 0.687961, 0.630519, 0.913005, 0.800733, -2.94983, 7.70867
26, 129.450577 , 16395.080078, 0.031460,  24.007234, 26.657035, 21.465226, 54.006220, 12.204825, 9.987314, 3040.547002, 3376.147731, 2718.598360, 6839.957078, 1545.756688, 1264.906077, 0.536692, 0.367368, 0.685261, 0.629391, 0.915950, 0.801535, -2.98480, 7.72428
27, 128.834366 , 16357.153320, 0.031514,  23.931472, 26.546004, 21.346916, 53.739063, 12.112868, 9.939774, 3038.403215, 3370.351192, 2710.261209, 6822.854266, 1537.881897, 1261.980059, 0.537320, 0.366774, 0.682878, 0.629686, 0.919167, 0.801678, -2.99575, 7.74066
28, 128.454575 , 16336.156250, 0.031580,  23.877033, 26.474898, 21.265750, 53.599268, 12.047087, 9.904534, 3036.551613, 3366.934096, 2704.462826, 6816.464350, 1532.083199, 1259.604949, 0.537479, 0.367287, 0.680698, 0.630597, 0.923660, 0.802590, -3.00004, 7.76809
29, 128.198090 , 16319.641602, 0.031646,  23.821156, 26.435796, 21.181458, 53.535708, 12.001607, 9.873016, 3032.437867, 3365.282027, 2696.403839, 6815.106252, 1527.806997, 1256.836901, 0.537349, 0.368846, 0.679363, 0.631536, 0.926541, 0.803290, -3.00044, 7.79286
30, 127.929520 , 16307.842773, 0.031696,  23.765501, 26.392922, 21.101506, 53.447371, 11.972481, 9.838803, 3029.512157, 3364.443262, 2689.918889, 6813.214711, 1526.194453, 1254.203404, 0.538063, 0.369509, 0.679038, 0.632188, 0.926573, 0.803549, -2.99648, 7.82454
31, 127.594795 , 16288.480469, 0.031692,  23.714655, 26.340627, 21.030721, 53.282651, 11.956374, 9.796791, 3027.362309, 3362.588303, 2684.737059, 6801.949696, 1526.325249, 1250.637514, 0.534859, 0.369750, 0.680378, 0.632055, 0.924562, 0.803566, -2.99534, 7.84527
32, 127.217941 , 16268.905273, 0.031714,  23.664558, 26.278297, 20.962270, 53.076612, 11.952703, 9.745608, 3026.274913, 3360.525506, 2680.700413, 6787.551871, 1528.537512, 1246.289410, 0.534329, 0.370211, 0.681775, 0.631651, 0.921693, 0.803932, -2.99413, 7.86757
33, 127.888588 , 16320.349609, 0.031699,  23.725633, 26.390115, 21.077354, 53.410579, 12.043851, 9.790550, 3027.718520, 3367.743152, 2689.761503, 6815.927631, 1536.961686, 1249.409423, 0.533666, 0.372358, 0.683344, 0.632438, 0.920224, 0.804549, -2.97357, 7.88243
34, 131.552063 , 16603.015625, 0.031610,  24.126743, 26.986491, 21.737870, 55.265074, 12.420110, 10.072894, 3045.004853, 3405.929870, 2743.508235, 6974.932979, 1567.525917, 1271.286801, 0.532142, 0.379242, 0.686512, 0.637807, 0.924126, 0.807109, -2.88741, 7.95137
35, 139.082245 , 17207.982422, 0.031442,  24.903081, 28.196821, 23.085842, 59.152160, 13.178475, 10.653978, 3081.139241, 3488.657966, 2856.300975, 7318.614241, 1630.509771, 1318.165794, 0.530765, 0.390799, 0.691952, 0.649314, 0.933841, 0.812253, -2.71214, 8.14175
36, 147.714355 , 17863.943359, 0.031462,  25.733162, 29.601350, 24.568001, 63.694734, 14.049615, 11.303418, 3112.058675, 3579.860790, 2971.149052, 7702.969057, 1699.100458, 1366.987057, 0.541975, 0.408179, 0.697743, 0.662769, 0.943919, 0.818188, -2.54915, 8.29746
37, 152.458603 , 18224.386719, 0.031401,  26.152625, 30.386238, 25.295416, 66.311257, 14.497621, 11.650860, 3126.196409, 3632.268187, 3023.728526, 7926.623606, 1732.996659, 1392.704481, 0.540149, 0.416486, 0.697933, 0.671608, 0.951187, 0.821140, -2.46722, 8.38726
38, 150.922302 , 18149.470703, 0.031480,  25.961211, 30.128728, 25.030124, 65.571857, 14.298192, 11.518789, 3122.018389, 3623.191729, 3010.048683, 7885.477480, 1719.458221, 1385.215483, 0.541522, 0.414212, 0.696163, 0.671460, 0.951224, 0.821133, -2.47286, 8.45911