Directory Name:
data/Young healthy volunteer_0[00-38].obj

Number of beutels: 38

Version: v-080323

Details: Indexed curvature calculated using total volumes

Beutel, Total Volume, Total Surface Area, Total Curvature, Total Indexed Curvature, Volume Inflow Tract, Volume Outflow Tract, Volume Septal Body, Volume Free-wall Body, Volume Septal Apex, Volume Free-wal Apex, Surface Area Inflow Tract, Surface Area Outflow Tract, Surface Area Septal Body, Surface Area Free-wall Body, Surface Area Septal Apex, Surface Area Free-wal Apex,Curvature Inflow Tract, Curvature Outflow Tract, Curvature Septal Body, Curvature Free-wall Body, Curvature Septal Apex, Curvature Free-wal Apex, Minimum Curvature, Maximum Curvature
0, 150.097885 , 18101.134766, 0.031530, 1.039492,  22.756997, 28.479743, 21.416367, 61.016003, 7.215477, 8.485942, 2744.392359, 3434.530033, 2582.718386, 7358.257910, 870.154354, 1023.366819, 1.000423, 0.770380,-0.028381, 1.189530, 2.906767, 1.934484, -1.94453, 7.20100
1, 132.627197 , 17080.458984, 0.032179, 1.018012,  21.060787, 25.516772, 19.169958, 52.348887, 6.454215, 7.431808, 2712.323988, 3286.190294, 2468.812578, 6741.777537, 831.209344, 957.109058, 0.962331, 0.746486,-0.084474, 1.188309, 2.864675, 1.943965, -1.93600, 7.22916
2, 132.952148 , 17080.689453, 0.031930, 1.010959,  21.133008, 25.651243, 19.184442, 52.346050, 6.561128, 7.424764, 2715.009580, 3295.478334, 2464.672456, 6725.025860, 842.924241, 953.877691, 0.963147, 0.735971,-0.069749, 1.182121, 2.791579, 1.942481, -1.95694, 7.16243
3, 132.851517 , 17013.607422, 0.031768, 1.005572,  21.132188, 25.704513, 19.161246, 52.126733, 6.640969, 7.429256, 2706.290316, 3291.844407, 2453.881995, 6675.601869, 850.474694, 951.426461, 0.964355, 0.722623,-0.034680, 1.170635, 2.755606, 1.941313, -1.98821, 7.07515
4, 127.411713 , 16541.744141, 0.031873, 0.994932,  20.658714, 24.922775, 18.185901, 49.526587, 6.329325, 7.158931, 2682.101723, 3235.700894, 2361.058784, 6429.991107, 821.730473, 929.437348, 0.964128, 0.701926,-0.031931, 1.156682, 2.757603, 1.926284, -2.02688, 7.03458
5, 117.873749 , 15704.204102, 0.032250, 0.980921,  19.745505, 23.515606, 16.445676, 45.136421, 5.767654, 6.683450, 2630.674199, 3132.961092, 2191.041212, 6013.481049, 768.418864, 890.429430, 0.964147, 0.671286,-0.034833, 1.140871, 2.782779, 1.896125, -2.08785, 6.98397
6, 107.937927 , 14856.339844, 0.032662, 0.964715,  18.718457, 22.029525, 14.685630, 40.605001, 5.222775, 6.148855, 2576.367436, 3032.095639, 2021.297984, 5588.783388, 718.851288, 846.315008, 0.971479, 0.638893,-0.061561, 1.124161, 2.800378, 1.870327, -2.16526, 6.95295
7, 98.924179 , 14094.464844, 0.033090, 0.949363,  17.739184, 20.642205, 13.173276, 36.495548, 4.756904, 5.635721, 2527.433851, 2941.048856, 1876.894825, 5199.792854, 677.751606, 802.963227, 0.976012, 0.610718,-0.096177, 1.110881, 2.807387, 1.854200, -2.25021, 6.94228
8, 92.077950 , 13501.783203, 0.033516, 0.938886,  16.977714, 19.587982, 12.018083, 33.412147, 4.397302, 5.238783, 2489.514697, 2872.269550, 1762.262855, 4899.365938, 644.795181, 768.185138, 0.982328, 0.587573,-0.113062, 1.100067, 2.820687, 1.840638, -2.35079, 6.95425
9, 85.706375 , 12959.229492, 0.034100, 0.932665,  16.252888, 18.575089, 11.002624, 30.537493, 4.064422, 4.860564, 2457.517210, 2808.645561, 1663.651283, 4617.420375, 614.560743, 734.941334, 0.989591, 0.563451,-0.084998, 1.091277, 2.807987, 1.829870, -2.48147, 6.98687
10, 80.523949 , 12508.125977, 0.033986, 0.910415,  15.635058, 17.742241, 10.195037, 28.217666, 3.795737, 4.551577, 2428.659834, 2755.977528, 1583.638433, 4383.169794, 589.607962, 707.015727, 0.917710, 0.545672,-0.107035, 1.084213, 2.823424, 1.821083, -2.63997, 7.02539
11, 76.530403 , 12156.894531, 0.034338, 0.904390,  15.151424, 17.095774, 9.597538, 26.414112, 3.597127, 4.307739, 2406.811640, 2715.672677, 1524.573922, 4195.895528, 571.405432, 684.286633, 0.923105, 0.533526,-0.126129, 1.077768, 2.836556, 1.816850, -2.76068, 7.06103
12, 73.677856 , 11931.509766, 0.034979, 0.909688,  14.790061, 16.593247, 9.223511, 25.135395, 3.451523, 4.132172, 2395.126107, 2687.137022, 1493.670123, 4070.466112, 558.945196, 669.170603, 0.924276, 0.528980,-0.079325, 1.077874, 2.860633, 1.815252, -2.84870, 7.10825
13, 72.961433 , 11852.948242, 0.035184, 0.912029,  14.706712, 16.495804, 9.066053, 24.830938, 3.397240, 4.115607, 2389.178584, 2679.825457, 1472.825370, 4033.909432, 551.898576, 668.600889, 0.970669, 0.515042,-0.071486, 1.071294, 2.855424, 1.799934, -2.86650, 7.08987
14, 72.347191 , 11749.988281, 0.034676, 0.896340,  14.639092, 16.444202, 8.826523, 24.620706, 3.353972, 4.115437, 2377.551266, 2670.721327, 1433.525411, 3998.676431, 544.722284, 668.392743, 0.986010, 0.492460,-0.124546, 1.058901, 2.826836, 1.779201, -2.93270, 7.03073
15, 74.793533 , 11936.926758, 0.034217, 0.894334,  15.023241, 16.877403, 9.181277, 25.605356, 3.458155, 4.285720, 2397.684978, 2693.606289, 1465.316916, 4086.573409, 551.915980, 683.994004, 0.980343, 0.489522,-0.126775, 1.054215, 2.864461, 1.772858, -2.87679, 6.96354
16, 83.128922 , 12596.660156, 0.033179, 0.898298,  16.218232, 18.287170, 10.474308, 29.059329, 3.856225, 4.824210, 2457.575019, 2771.084479, 1587.188875, 4403.407298, 584.340066, 731.020417, 0.952238, 0.501671,-0.065797, 1.056099, 2.838118, 1.773154, -2.69059, 6.81142
17, 95.079781 , 13558.876953, 0.032053, 0.907536,  17.901106, 20.215856, 12.446836, 33.998129, 4.496444, 5.543506, 2552.791839, 2882.887321, 1774.984226, 4848.312048, 641.216504, 790.533078, 0.923782, 0.532609,-0.019057, 1.065492, 2.786394, 1.786918, -2.57214, 6.68046
18, 105.626785 , 14535.339844, 0.031722, 0.930227,  19.160805, 21.713691, 14.497316, 38.466381, 5.128682, 6.123923, 2636.725303, 2988.028957, 1994.980920, 5293.372767, 705.759761, 842.715241, 0.938890, 0.581225,-0.026627, 1.088582, 2.751292, 1.823685, -2.46104, 6.70492
19, 115.959351 , 15440.286133, 0.032067, 0.970061,  19.998889, 23.215416, 16.210899, 43.733534, 5.530414, 6.695091, 2662.903548, 3091.192361, 2158.522930, 5823.232583, 736.388846, 891.468574, 0.964042, 0.641601,-0.029839, 1.123171, 2.863586, 1.862033, -2.26489, 6.92430
20, 126.932106 , 16165.427734, 0.031724, 0.989050,  20.900986, 25.042502, 17.585620, 49.478322, 5.966274, 7.337358, 2661.843394, 3189.285889, 2239.615273, 6301.307679, 759.834292, 934.448593, 0.966350, 0.684255,-0.019095, 1.132401, 2.906298, 1.876946, -2.13318, 6.97651
21, 134.105377 , 16674.472656, 0.031546, 1.001682,  21.486736, 26.197673, 18.553998, 53.178753, 6.286531, 7.748274, 2671.630138, 3257.381244, 2306.977688, 6612.170311, 781.658308, 963.409294, 0.971387, 0.707314,-0.005022, 1.142091, 2.914518, 1.883907, -2.07256, 6.99990
22, 136.603378 , 16863.503906, 0.031295, 0.999845,  21.723981, 26.599994, 19.035440, 54.201805, 6.476189, 7.896123, 2681.796360, 3283.733613, 2349.899616, 6691.140244, 799.476905, 974.765784, 0.971988, 0.707840, 0.005425, 1.142140, 2.860235, 1.876013, -2.07623, 6.94970
23, 135.568161 , 16820.355469, 0.031244, 0.995691,  21.688615, 26.410533, 19.008202, 53.487961, 6.491579, 7.812649, 2690.972448, 3276.835149, 2358.405448, 6636.413975, 805.429925, 969.339159, 0.971249, 0.701807, 0.003460, 1.139747, 2.830293, 1.879507, -2.10140, 6.93610
24, 132.982361 , 16644.884766, 0.031322, 0.991797,  21.508607, 25.986628, 18.654719, 52.144570, 6.383940, 7.647000, 2692.148482, 3252.644832, 2334.938422, 6526.732413, 799.052919, 957.145215, 0.967449, 0.695029,-0.003808, 1.137404, 2.830929, 1.882441, -2.12232, 6.93951
25, 130.988251 , 16496.990234, 0.031371, 0.988362,  21.372398, 25.666304, 18.396516, 51.067713, 6.302249, 7.534404, 2691.693560, 3232.478894, 2316.903446, 6431.596125, 793.721081, 948.901836, 0.969919, 0.687486,-0.006046, 1.133831, 2.825000, 1.880091, -2.14564, 6.92548
26, 129.450577 , 16395.080078, 0.031460, 0.987253,  21.242238, 25.405537, 18.195692, 50.303797, 6.224307, 7.438101, 2690.356740, 3217.643802, 2304.507771, 6371.040473, 788.316504, 942.045001, 0.968090, 0.685474,-0.011698, 1.133251, 2.833242, 1.882814, -2.15303, 6.93671
27, 128.834366 , 16357.153320, 0.031514, 0.987389,  21.178276, 25.301635, 18.088291, 50.049177, 6.176677, 7.403445, 2688.850165, 3212.362809, 2296.537512, 6354.376491, 784.207321, 939.961050, 0.968669, 0.684304,-0.015830, 1.133668, 2.845226, 1.883150, -2.15386, 6.95034
28, 128.454575 , 16336.156250, 0.031580, 0.988484,  21.130279, 25.233777, 18.020454, 49.917865, 6.140805, 7.377710, 2687.234384, 3209.095036, 2291.743655, 6348.283520, 780.954261, 938.257149, 0.968701, 0.685126,-0.019556, 1.134900, 2.859119, 1.885670, -2.14890, 6.96799
29, 128.198090 , 16319.641602, 0.031646, 0.989897,  21.079545, 25.195540, 17.950431, 49.864262, 6.122185, 7.354944, 2683.430258, 3207.397225, 2285.093355, 6347.730465, 779.355342, 936.285869, 0.968546, 0.687584,-0.021529, 1.136242, 2.867273, 1.888061, -2.13697, 6.98166
30, 127.929520 , 16307.842773, 0.031696, 0.990746,  21.029777, 25.153447, 17.889157, 49.787182, 6.110817, 7.330176, 2680.775236, 3206.440903, 2280.424033, 6346.631390, 778.977664, 934.415761, 0.969808, 0.688654,-0.024578, 1.137772, 2.868585, 1.889536, -2.12635, 6.98994
31, 127.594795 , 16288.480469, 0.031692, 0.989764,  20.984128, 25.101971, 17.836353, 49.634561, 6.110598, 7.299880, 2678.789115, 3204.464128, 2276.950755, 6336.242275, 780.065856, 931.887189, 0.963983, 0.689116,-0.026411, 1.138653, 2.864785, 1.890622, -2.11877, 6.99123
32, 127.217941 , 16268.905273, 0.031714, 0.989484,  20.938986, 25.040153, 17.792233, 49.442393, 6.115809, 7.262499, 2677.722865, 3202.188937, 2275.309246, 6322.800093, 782.102817, 928.744051, 0.962690, 0.690048,-0.028406, 1.139416, 2.856161, 1.892921, -2.11173, 6.99046
33, 127.888588 , 16320.349609, 0.031699, 0.990732,  20.987990, 25.142976, 17.902504, 49.765604, 6.164982, 7.295066, 2678.357428, 3208.590984, 2284.606841, 6350.778390, 786.736804, 930.951137, 0.962372, 0.693942,-0.027288, 1.140659, 2.849231, 1.894788, -2.10122, 6.98890
34, 131.552063 , 16603.015625, 0.031610, 0.997298,  21.324731, 25.697769, 18.503414, 51.537128, 6.343189, 7.498811, 2691.366513, 3243.281956, 2335.291759, 6504.433821, 800.565673, 946.415210, 0.963485, 0.706841,-0.024090, 1.146829, 2.853054, 1.900699, -2.07728, 7.00647
35, 139.082245 , 17207.982422, 0.031442, 1.010568,  21.980498, 26.824511, 19.727601, 55.256188, 6.695412, 7.915842, 2719.541963, 3318.868581, 2440.801850, 6836.584229, 828.391344, 979.389322, 0.968931, 0.728949,-0.022908, 1.161055, 2.869119, 1.912542, -2.03948, 7.06731
36, 147.714355 , 17863.943359, 0.031462, 1.031719,  22.666909, 28.123948, 21.092721, 59.617935, 7.107268, 8.383206, 2741.239179, 3401.190062, 2550.863548, 7209.938322, 859.522653, 1013.829122, 0.997812, 0.760892,-0.020025, 1.177124, 2.886189, 1.927187, -1.97212, 7.13442
37, 152.458603 , 18224.386719, 0.031401, 1.040619,  23.013125, 28.847692, 21.759277, 62.141110, 7.322111, 8.632070, 2750.911171, 3448.355650, 2601.030470, 7428.138321, 875.260445, 1031.848478, 0.999737, 0.776094,-0.021036, 1.187291, 2.900859, 1.935004, -1.94881, 7.17890
38, 150.922302 , 18149.470703, 0.031480, 1.039728,  22.851898, 28.607073, 21.523474, 61.436956, 7.232596, 8.536830, 2748.101690, 3440.202007, 2588.349336, 7388.226580, 869.770554, 1026.613896, 1.001133, 0.772044,-0.029867, 1.188849, 2.906681, 1.935808, -1.94688, 7.19235