Timing Information
==========================================================
Clip Duration,998,ms
Average RR Duration,998,ms
Enddiastolic frame time,949.747,ms
Endsystolic  frame time,347.021,ms
Reference time,13.835,ms
Trigger time,13.835,ms



Results
==========================================================
Global
----------------------------------------------------------
EDV,235.49,ml
EDVi,113.72,ml/m²
ESV,140.30,ml
ESVi,67.75,ml/m²
SV,95.19,ml
EF,40.42,%

2D
----------------------------------------------------------
RVDd base (RVD1),41.27,mm
RVDd mid (RVD2),52.36,mm
RVLd (RVD3),86.07,mm
TAPSE,11.11,mm
FAC,35.41,%
RVLS (Septum),-11.12,%
RVLS (Freewall),-21.76,%

Curves
==========================================================
Global
Global
Unit [ml]
Time [ ms],  0.00,  9.59, 19.18, 28.77, 38.35, 47.94, 57.53, 67.12, 76.71, 86.30, 95.89,100.91,105.93,110.95,115.98,121.00,126.02,131.04,136.07,141.09,146.11,151.13,156.16,161.18,166.20,171.23,176.25,181.27,186.29,191.32,196.34,201.36,206.38,211.41,216.43,221.45,226.48,231.50,236.52,241.54,246.57,251.59,256.61,261.63,266.66,271.68,276.70,281.72,286.75,291.77,296.79,301.82,306.84,311.86,316.88,321.91,326.93,331.95,336.98,342.00,347.02,352.04,357.07,362.09,367.11,372.13,377.16,382.18,387.20,392.23,397.25,402.27,407.29,412.32,417.34,422.36,427.38,432.41,437.43,442.45,447.48,452.50,457.52,462.54,467.57,472.59,477.61,482.63,487.66,492.68,497.70,502.72,507.75,512.77,517.79,522.82,527.84,532.86,537.88,542.91,547.93,552.95,557.97,563.00,568.02,573.04,578.07,583.09,588.11,593.13,598.16,603.18,608.20,613.23,618.25,623.27,628.29,633.32,638.34,643.36,648.38,653.41,658.43,663.45,668.47,673.50,678.52,683.54,688.57,693.59,698.61,703.63,708.66,713.68,718.70,723.72,728.75,733.77,738.79,743.82,748.84,753.86,758.88,763.91,768.93,773.95,778.97,784.00,789.02,794.04,799.07,804.09,809.11,814.13,819.16,824.18,829.20,834.22,839.25,844.27,849.29,854.32,859.34,864.36,869.38,874.41,879.43,884.45,889.47,894.50,899.52,904.54,909.57,914.59,919.61,924.63,929.66,934.68,939.70,944.72,949.75,954.77,959.79,964.82,969.84,974.86,979.88,984.91,989.93,994.95,999.97,
 Segment Global,223.08,221.57,220.07,218.57,217.06,215.53,213.97,212.38,210.74,209.05,207.29,205.45,203.54,201.58,199.58,197.56,195.54,193.53,191.55,189.63,187.78,186.00,184.30,182.65,181.05,179.48,177.92,176.36,174.80,173.21,171.58,169.92,168.22,166.51,164.80,163.10,161.41,159.75,158.14,156.58,155.08,153.65,152.28,150.96,149.72,148.54,147.43,146.39,145.43,144.55,143.75,143.04,142.41,141.86,141.39,141.01,140.71,140.49,140.35,140.30,140.33,140.45,140.68,141.00,141.38,141.81,142.26,142.72,143.18,143.60,143.98,144.27,144.51,144.71,144.91,145.16,145.50,145.95,146.56,147.36,148.40,149.67,151.16,152.83,154.64,156.58,158.60,160.68,162.78,164.88,166.94,168.98,171.02,173.02,174.98,176.87,178.67,180.37,181.93,183.35,184.60,185.66,186.54,187.25,187.82,188.26,188.59,188.83,188.99,189.10,189.16,189.19,189.16,189.08,188.96,188.80,188.61,188.38,188.11,187.82,187.51,187.18,186.83,186.48,186.13,185.78,185.44,185.11,184.80,184.51,184.25,184.01,183.81,183.64,183.52,183.46,183.46,183.54,183.70,183.95,184.29,184.74,185.29,185.93,186.67,187.51,188.45,189.49,190.63,191.87,193.21,194.64,196.15,197.74,199.41,201.16,203.00,204.93,206.95,209.05,211.25,213.57,216.01,218.50,221.00,223.45,225.80,227.99,229.97,231.68,233.07,234.11,234.84,235.28,235.49,235.49,235.32,235.02,234.63,234.18,233.71,233.23,232.70,232.13,231.52,230.88,230.22,229.52,228.81,228.07,227.32,


