Timing Information
==========================================================
Clip Duration,820,ms
Average RR Duration,820,ms
Enddiastolic frame time,804.331,ms
Endsystolic  frame time,369.682,ms
Reference time,8.778,ms
Trigger time,8.778,ms



Results
==========================================================
Global
----------------------------------------------------------
EDV,122.32,ml
EDVi,61.94,ml/m²
ESV,53.72,ml
ESVi,27.20,ml/m²
SV,68.60,ml
EF,56.08,%

2D
----------------------------------------------------------
RVDd base (RVD1),23.73,mm
RVDd mid (RVD2),33.09,mm
RVLd (RVD3),90.00,mm
TAPSE,20.44,mm
FAC,47.74,%
RVLS (Septum),-16.54,%
RVLS (Freewall),-27.86,%

Curves
==========================================================
Global
Global
Unit [ml]
Time [ ms],  0.00,  5.92, 11.84, 17.77, 23.69, 29.61, 35.53, 41.45, 47.37, 53.30, 59.22, 62.32, 65.43, 68.53, 71.64, 74.74, 77.85, 80.95, 84.05, 87.16, 90.26, 93.37, 96.47, 99.58,102.68,105.79,108.89,112.00,115.10,118.21,121.31,124.42,127.52,130.62,133.73,136.83,139.94,143.04,146.15,149.25,152.36,155.46,158.57,161.67,164.78,167.88,170.98,174.09,177.19,180.30,183.40,186.51,189.61,192.72,195.82,198.93,202.03,205.14,208.24,211.35,214.45,217.55,220.66,223.76,226.87,229.97,233.08,236.18,239.29,242.39,245.50,248.60,251.71,254.81,257.91,261.02,264.12,267.23,270.33,273.44,276.54,279.65,282.75,285.86,288.96,292.07,295.17,298.28,301.38,304.48,307.59,310.69,313.80,316.90,320.01,323.11,326.22,329.32,332.43,335.53,338.63,341.74,344.84,347.95,351.05,354.16,357.26,360.37,363.47,366.58,369.68,372.79,375.89,379.00,382.10,385.20,388.31,391.41,394.52,397.62,400.73,403.83,406.94,410.04,413.15,416.25,419.36,422.46,425.57,428.67,431.78,434.88,437.98,441.09,444.19,447.30,450.40,453.51,456.61,459.72,462.82,465.93,469.03,472.13,475.24,478.34,481.45,484.55,487.66,490.76,493.87,496.97,500.08,503.18,506.29,509.39,512.50,515.60,518.70,521.81,524.91,528.02,531.12,534.23,537.33,540.44,543.54,546.65,549.75,552.86,555.96,559.06,562.17,565.27,568.38,571.48,574.59,577.69,580.80,583.90,587.01,590.11,593.22,596.32,599.43,602.53,605.63,608.74,611.84,614.95,618.05,621.16,624.26,627.37,630.47,633.58,636.68,639.79,642.89,645.99,649.10,652.20,655.31,658.41,661.52,664.62,667.73,670.83,673.94,677.04,680.15,683.25,686.36,689.46,692.56,695.67,698.77,701.88,704.98,708.09,711.19,714.30,717.40,720.51,723.61,726.72,729.82,732.92,736.03,739.13,742.24,745.34,748.45,751.55,754.66,757.76,760.87,763.97,767.08,770.18,773.28,776.39,779.49,782.60,785.70,788.81,791.91,795.02,798.12,801.23,804.33,
 Segment Global,119.68,118.87,118.05,117.23,116.41,115.60,114.79,113.98,113.18,112.38,111.59,110.81,110.03,109.26,108.49,107.73,106.98,106.23,105.48,104.74,104.01,103.28,102.56,101.85,101.14,100.42, 99.70, 98.96, 98.21, 97.45, 96.66, 95.84, 95.00, 94.14, 93.27, 92.39, 91.50, 90.62, 89.73, 88.85, 87.98, 87.13, 86.29, 85.45, 84.63, 83.81, 82.99, 82.19, 81.39, 80.59, 79.80, 79.00, 78.22, 77.43, 76.66, 75.90, 75.15, 74.41, 73.69, 72.98, 72.30, 71.63, 70.99, 70.36, 69.76, 69.16, 68.58, 68.00, 67.43, 66.87, 66.30, 65.73, 65.17, 64.61, 64.06, 63.51, 62.98, 62.46, 61.95, 61.47, 61.00, 60.56, 60.14, 59.73, 59.35, 58.98, 58.62, 58.27, 57.93, 57.60, 57.27, 56.95, 56.63, 56.32, 56.03, 55.74, 55.47, 55.21, 54.97, 54.75, 54.56, 54.38, 54.23, 54.10, 53.98, 53.89, 53.82, 53.77, 53.74, 53.72, 53.73, 53.76, 53.80, 53.87, 53.96, 54.06, 54.19, 54.34, 54.51, 54.69, 54.90, 55.12, 55.37, 55.63, 55.92, 56.23, 56.56, 56.92, 57.32, 57.74, 58.20, 58.69, 59.21, 59.76, 60.33, 60.94, 61.57, 62.23, 62.92, 63.63, 64.37, 65.14, 65.93, 66.73, 67.56, 68.39, 69.23, 70.07, 70.91, 71.74, 72.56, 73.36, 74.16, 74.94, 75.70, 76.45, 77.16, 77.85, 78.51, 79.13, 79.71, 80.25, 80.74, 81.20, 81.62, 82.02, 82.40, 82.77, 83.13, 83.49, 83.86, 84.23, 84.61, 84.98, 85.36, 85.73, 86.10, 86.46, 86.81, 87.15, 87.48, 87.79, 88.09, 88.39, 88.67, 88.95, 89.22, 89.48, 89.74, 89.99, 90.25, 90.50, 90.75, 91.00, 91.25, 91.50, 91.74, 91.98, 92.20, 92.43, 92.64, 92.84, 93.03, 93.23, 93.42, 93.62, 93.83, 94.06, 94.30, 94.58, 94.88, 95.20, 95.56, 95.93, 96.34, 96.79, 97.28, 97.80, 98.38, 99.01, 99.69,100.43,101.22,102.07,102.95,103.86,104.79,105.74,106.70,107.66,108.61,109.55,110.49,111.42,112.34,113.24,114.11,114.95,115.76,116.52,117.23,117.88,118.49,119.05,119.57,120.07,120.54,120.99,121.44,121.88,122.32,


