Timing Information
==========================================================
Clip Duration,865,ms
Average RR Duration,865,ms
Enddiastolic frame time,859.99,ms
Endsystolic  frame time,424.918,ms
Reference time,8.636,ms
Trigger time,8.636,ms



Results
==========================================================
Global
----------------------------------------------------------
EDV,255.06,ml
ESV,139.68,ml
SV,115.39,ml
EF,45.24,%

2D
----------------------------------------------------------
RVDd base (RVD1),36.84,mm
RVDd mid (RVD2),46.02,mm
RVLd (RVD3),108.01,mm
TAPSE,18.25,mm
FAC,43.36,%
RVLS (Septum),-19.83,%
RVLS (Freewall),-24.04,%

Curves
==========================================================
Global
Global
Unit [ml]
Time [ ms],  0.00,  6.89, 13.79, 20.69, 27.58, 34.48, 41.37, 48.26, 55.16, 62.05, 68.95, 72.91, 76.86, 80.82, 84.77, 88.73, 92.68, 96.64,100.59,104.55,108.50,112.46,116.41,120.37,124.32,128.28,132.23,136.19,140.14,144.10,148.05,152.01,155.96,159.92,163.87,167.83,171.79,175.74,179.70,183.65,187.61,191.56,195.52,199.47,203.43,207.38,211.34,215.29,219.25,223.20,227.16,231.11,235.07,239.02,242.98,246.93,250.89,254.84,258.80,262.75,266.71,270.67,274.62,278.58,282.53,286.49,290.44,294.40,298.35,302.31,306.26,310.22,314.17,318.13,322.08,326.04,329.99,333.95,337.90,341.86,345.81,349.77,353.72,357.68,361.63,365.59,369.55,373.50,377.46,381.41,385.37,389.32,393.28,397.23,401.19,405.14,409.10,413.05,417.01,420.96,424.92,428.87,432.83,436.78,440.74,444.69,448.65,452.60,456.56,460.51,464.47,468.43,472.38,476.34,480.29,484.25,488.20,492.16,496.11,500.07,504.02,507.98,511.93,515.89,519.84,523.80,527.75,531.71,535.66,539.62,543.57,547.53,551.48,555.44,559.39,563.35,567.31,571.26,575.22,579.17,583.13,587.08,591.04,594.99,598.95,602.90,606.86,610.81,614.77,618.72,622.68,626.63,630.59,634.54,638.50,642.45,646.41,650.36,654.32,658.27,662.23,666.19,670.14,674.10,678.05,682.01,685.96,689.92,693.87,697.83,701.78,705.74,709.69,713.65,717.60,721.56,725.51,729.47,733.42,737.38,741.33,745.29,749.24,753.20,757.15,761.11,765.07,769.02,772.98,776.93,780.89,784.84,788.80,792.75,796.71,800.66,804.62,808.57,812.53,816.48,820.44,824.39,828.35,832.30,836.26,840.21,844.17,848.12,852.08,856.03,859.99,
 Segment Global,254.47,251.60,248.70,245.81,242.96,240.20,237.56,235.09,232.81,230.77,229.01,227.57,226.43,225.54,224.84,224.26,223.75,223.25,222.71,222.06,221.24,220.25,219.12,217.87,216.52,215.10,213.60,212.07,210.50,208.92,207.36,205.79,204.19,202.59,200.98,199.36,197.76,196.16,194.59,193.04,191.53,190.05,188.61,187.21,185.84,184.51,183.20,181.92,180.67,179.45,178.25,177.07,175.92,174.79,173.69,172.63,171.60,170.61,169.67,168.76,167.91,167.10,166.35,165.64,164.96,164.30,163.67,163.05,162.44,161.82,161.19,160.55,159.89,159.23,158.56,157.89,157.24,156.59,155.96,155.36,154.78,154.24,153.75,153.27,152.81,152.34,151.85,151.33,150.76,150.13,149.41,148.62,147.75,146.84,145.91,144.97,144.05,143.18,142.37,141.66,141.05,140.55,140.15,139.87,139.70,139.68,139.79,140.06,140.50,141.11,141.91,142.87,143.98,145.26,146.72,148.38,150.25,152.36,154.71,157.34,160.24,163.49,167.07,170.88,174.81,178.78,182.67,186.39,189.84,192.91,195.51,197.59,199.21,200.42,201.31,201.93,202.35,202.65,202.89,203.13,203.45,203.83,204.24,204.67,205.10,205.53,205.96,206.37,206.77,207.14,207.49,207.81,208.11,208.42,208.73,209.05,209.39,209.75,210.14,210.57,211.04,211.56,212.14,212.76,213.40,214.07,214.74,215.41,216.06,216.69,217.29,217.84,218.37,218.87,219.37,219.85,220.34,220.84,221.36,221.90,222.47,223.07,223.68,224.31,224.98,225.70,226.48,227.33,228.25,229.26,230.38,231.61,232.96,234.39,235.88,237.41,238.95,240.47,241.96,243.39,244.73,245.98,247.14,248.25,249.29,250.30,251.27,252.22,253.16,254.11,255.06,


