Timing Information
==========================================================
Clip Duration,842,ms
Average RR Duration,842,ms
Enddiastolic frame time,58.752,ms
Endsystolic  frame time,387.804,ms
Reference time,30.322,ms
Trigger time,30.322,ms



Results
==========================================================
Global
----------------------------------------------------------
EDV,217.00,ml
EDVi,87.78,ml/m²
ESV,139.99,ml
ESVi,56.63,ml/m²
SV,77.02,ml
EF,35.49,%

2D
----------------------------------------------------------
RVDd base (RVD1),41.03,mm
RVDd mid (RVD2),58.26,mm
RVLd (RVD3),95.41,mm
TAPSE,14.89,mm
FAC,38.41,%
RVLS (Septum),-8.03,%
RVLS (Freewall),-21.04,%

Curves
==========================================================
Global
Global
Unit [ml]
Time [ ms],  0.00,  5.88, 11.75, 17.63, 23.50, 29.38, 35.25, 41.13, 47.00, 52.88, 58.75, 66.38, 74.00, 81.62, 89.25, 96.87,104.50,112.12,119.74,127.37,134.99,140.87,146.74,152.62,158.49,164.37,170.24,176.12,181.99,187.87,193.74,199.62,205.49,211.37,217.24,223.12,229.00,234.87,240.75,246.62,252.50,258.37,264.25,270.12,276.00,281.87,287.75,293.62,299.50,305.37,311.25,317.12,323.00,328.87,334.75,340.62,346.50,352.37,358.25,364.12,370.00,375.88,381.75,387.63,393.50,399.38,405.25,411.13,417.00,422.88,428.75,434.63,440.50,446.38,452.25,458.13,464.00,469.88,475.75,481.63,487.50,493.38,499.25,505.13,511.00,516.88,522.76,528.63,534.51,540.38,546.26,552.13,558.01,563.88,569.76,575.63,581.51,587.38,593.26,599.13,605.01,610.88,616.76,622.63,628.51,634.38,640.26,646.13,652.01,657.88,663.76,669.64,675.51,681.39,687.26,693.14,699.01,704.89,710.76,716.64,722.51,728.39,734.26,740.14,746.01,751.89,757.76,763.64,769.51,775.39,781.26,787.14,793.01,798.89,804.76,810.64,816.52,822.39,828.27,834.14,840.02,
 Segment Global,213.03,213.67,214.33,214.98,215.58,216.11,216.54,216.85,217.00,216.98,216.74,216.28,215.60,214.72,213.67,212.46,211.13,209.68,208.14,206.53,204.87,203.17,201.39,199.56,197.67,195.75,193.79,191.81,189.82,187.82,185.83,183.85,181.89,179.95,178.02,176.10,174.18,172.26,170.33,168.39,166.43,164.45,162.47,160.49,158.53,156.62,154.76,152.97,151.28,149.68,148.21,146.86,145.63,144.52,143.53,142.67,141.92,141.30,140.79,140.41,140.15,140.01,139.99,140.09,140.31,140.68,141.19,141.84,142.65,143.62,144.76,146.06,147.52,149.11,150.82,152.64,154.55,156.53,158.57,160.66,162.77,164.92,167.11,169.31,171.50,173.63,175.69,177.64,179.46,181.12,182.59,183.85,184.93,185.83,186.55,187.13,187.55,187.83,187.99,188.04,187.97,187.80,187.52,187.14,186.67,186.13,185.52,184.87,184.18,183.46,182.73,181.99,181.24,180.51,179.80,179.15,178.57,178.07,177.68,177.42,177.30,177.32,177.48,177.77,178.23,178.86,179.68,180.70,181.94,183.41,185.13,187.10,189.31,191.74,194.34,197.09,199.95,202.90,205.90,208.93,211.94,


