Timing Information
==========================================================
Clip Duration,983.545,ms
Average RR Duration,1002,ms
Enddiastolic frame time,1034.5,ms
Endsystolic  frame time,536.146,ms
Reference time,127.711,ms
Trigger time,127.711,ms



Results
==========================================================
Global
----------------------------------------------------------
EDV,188.14,ml
ESV,110.85,ml
SV,77.29,ml
EF,41.08,%

2D
----------------------------------------------------------
RVDd base (RVD1),27.67,mm
RVDd mid (RVD2),44.62,mm
RVLd (RVD3),83.38,mm
TAPSE,13.51,mm
FAC,29.48,%
RVLS (Septum),-13.22,%
RVLS (Freewall),-22.19,%

Curves
==========================================================
Global
Global
Unit [ml]
Time [ ms],  0.00, 18.02, 36.04, 54.05, 72.07, 90.09,108.11,126.12,144.14,162.16,180.18,183.74,187.30,190.86,194.42,197.98,201.54,205.10,208.66,212.22,215.78,219.33,222.89,226.45,230.01,233.57,237.13,240.69,244.25,247.81,251.37,254.93,258.49,262.05,265.61,269.17,272.73,276.29,279.85,283.41,286.97,290.53,294.09,297.65,301.21,304.77,308.33,311.89,315.45,319.01,322.56,326.12,329.68,333.24,336.80,340.36,343.92,347.48,351.04,354.60,358.16,361.72,365.28,368.84,372.40,375.96,379.52,383.08,386.64,390.20,393.76,397.32,400.88,404.44,408.00,411.56,415.12,418.68,422.24,425.80,429.36,432.92,436.48,440.03,443.59,447.15,450.71,454.27,457.83,461.39,464.95,468.51,472.07,475.63,479.19,482.75,486.31,489.87,493.43,496.99,500.55,504.11,507.67,511.23,514.79,518.35,521.91,525.47,529.03,532.59,536.15,539.71,543.27,546.83,550.38,553.94,557.50,561.06,564.62,568.18,571.74,575.30,578.86,582.42,585.98,589.54,593.10,596.66,600.22,603.78,607.34,610.90,614.46,618.02,621.58,625.14,628.70,632.26,635.82,639.38,642.94,646.50,650.06,653.62,657.17,660.73,664.29,667.85,671.41,674.97,678.53,682.09,685.65,689.21,692.77,696.33,699.89,703.45,707.01,710.57,714.13,717.69,721.25,724.81,728.37,731.93,735.49,739.05,742.61,746.17,749.73,753.29,756.85,760.41,763.97,767.53,771.09,774.64,778.20,781.76,785.32,788.88,792.44,796.00,799.56,803.12,806.68,810.24,813.80,817.36,820.92,824.48,828.04,831.60,835.16,838.72,842.28,845.84,849.40,852.96,856.52,860.08,863.64,867.20,870.76,874.32,877.88,881.43,884.99,888.55,892.11,895.67,899.23,902.79,906.35,909.91,913.47,917.03,920.59,924.15,927.71,931.27,934.83,938.39,941.95,945.51,949.07,952.63,956.19,959.75,963.31,966.87,970.43,973.99,977.55,981.11,984.67,988.23,991.78,995.34,998.90,1002.46,1006.02,1009.58,1013.14,1016.70,1020.26,1023.82,1027.38,1030.94,1034.50,1038.06,1041.62,1045.18,1048.74,1052.30,1055.86,1059.42,1062.98,1066.54,1070.10,
 Segment Global,184.18,183.19,182.19,181.19,180.20,179.24,178.30,177.42,176.60,175.85,175.18,174.61,174.14,173.73,173.38,173.04,172.69,172.31,171.87,171.35,170.72,169.97,169.12,168.19,167.18,166.11,164.99,163.83,162.65,161.45,160.25,159.04,157.82,156.60,155.36,154.13,152.89,151.65,150.41,149.18,147.96,146.75,145.55,144.37,143.20,142.06,140.95,139.87,138.82,137.82,136.86,135.95,135.09,134.27,133.49,132.74,132.02,131.33,130.66,130.01,129.37,128.75,128.14,127.55,126.97,126.40,125.84,125.29,124.74,124.20,123.65,123.11,122.56,122.01,121.46,120.92,120.39,119.87,119.36,118.86,118.38,117.92,117.47,117.04,116.62,116.21,115.82,115.45,115.09,114.74,114.40,114.08,113.77,113.48,113.20,112.93,112.69,112.45,112.24,112.04,111.85,111.69,111.54,111.41,111.30,111.20,111.12,111.05,110.99,110.94,110.90,110.87,110.86,110.85,110.86,110.89,110.94,111.01,111.12,111.26,111.43,111.64,111.88,112.16,112.46,112.80,113.16,113.55,113.97,114.42,114.88,115.38,115.90,116.45,117.02,117.61,118.20,118.81,119.42,120.02,120.62,121.21,121.78,122.35,122.93,123.52,124.13,124.77,125.45,126.18,126.97,127.81,128.71,129.65,130.62,131.63,132.65,133.68,134.71,135.73,136.73,137.72,138.70,139.66,140.61,141.54,142.45,143.34,144.21,145.05,145.87,146.66,147.42,148.16,148.87,149.55,150.20,150.82,151.42,151.98,152.52,153.02,153.49,153.93,154.35,154.76,155.16,155.56,155.98,156.41,156.87,157.35,157.86,158.39,158.93,159.48,160.04,160.59,161.14,161.67,162.19,162.68,163.16,163.63,164.09,164.54,165.00,165.46,165.92,166.40,166.89,167.39,167.91,168.45,168.98,169.53,170.08,170.62,171.17,171.71,172.25,172.77,173.29,173.81,174.32,174.83,175.34,175.86,176.38,176.92,177.46,178.01,178.57,179.13,179.69,180.26,180.83,181.40,181.97,182.55,183.12,183.71,184.30,184.89,185.47,186.02,186.53,186.98,187.38,187.70,187.93,188.08,188.14,188.13,188.05,187.94,187.78,187.59,187.40,187.19,186.99,


