Timing Information
==========================================================
Clip Duration,798,ms
Average RR Duration,798,ms
Enddiastolic frame time,765.012,ms
Endsystolic  frame time,371.01,ms
Reference time,21.386,ms
Trigger time,21.386,ms



Results
==========================================================
Global
----------------------------------------------------------
EDV,145.87,ml
EDVi,75.33,ml/m²
ESV,80.50,ml
ESVi,41.57,ml/m²
SV,65.37,ml
EF,44.81,%

2D
----------------------------------------------------------
RVDd base (RVD1),31.48,mm
RVDd mid (RVD2),39.79,mm
RVLd (RVD3),82.67,mm
TAPSE,14.09,mm
FAC,45.04,%
RVLS (Septum),-19.72,%
RVLS (Freewall),-22.70,%

Curves
==========================================================
Global
Global
Unit [ml]
Time [ ms],  0.00,  4.19,  8.39, 12.58, 16.77, 20.97, 25.16, 29.35, 33.55, 37.74, 41.93, 47.15, 52.36, 57.58, 62.80, 68.01, 73.23, 78.44, 83.66, 88.87, 94.09, 98.28,102.47,106.67,110.86,115.05,119.25,123.44,127.63,131.83,136.02,140.21,144.41,148.60,152.79,156.99,161.18,165.37,169.57,173.76,177.95,182.15,186.34,190.53,194.73,198.92,203.11,207.31,211.50,215.69,219.89,224.08,228.27,232.47,236.66,240.85,245.05,249.24,253.43,257.63,261.82,266.01,270.21,274.40,278.59,282.79,286.98,291.17,295.37,299.56,303.75,307.95,312.14,316.33,320.52,324.72,328.91,333.10,337.30,341.49,345.68,349.88,354.07,358.26,362.46,366.65,370.84,375.04,379.23,383.42,387.62,391.81,396.00,400.20,404.39,408.58,412.78,416.97,421.16,425.36,429.55,433.74,437.94,442.13,446.32,450.52,454.71,458.90,463.10,467.29,471.48,475.68,479.87,484.06,488.26,492.45,496.64,500.84,505.03,509.22,513.42,517.61,521.80,526.00,530.19,534.38,538.58,542.77,546.96,551.15,555.35,559.54,563.73,567.93,572.12,576.31,580.51,584.70,588.89,593.09,597.28,601.47,605.67,609.86,614.05,618.25,622.44,626.63,630.83,635.02,639.21,643.41,647.60,651.79,655.99,660.18,664.37,668.57,672.76,676.95,681.15,685.34,689.53,693.73,697.92,702.11,706.31,710.50,714.69,718.89,723.08,727.27,731.47,735.66,739.85,744.05,748.24,752.43,756.63,760.82,765.01,769.21,773.40,777.59,781.79,785.98,790.17,794.37,798.56,802.75,806.95,
 Segment Global,142.80,142.42,142.06,141.69,141.30,140.86,140.37,139.80,139.13,138.34,137.41,136.32,135.09,133.73,132.28,130.77,129.23,127.69,126.17,124.70,123.32,122.04,120.82,119.67,118.57,117.52,116.49,115.49,114.50,113.51,112.50,111.49,110.49,109.49,108.49,107.51,106.54,105.58,104.64,103.71,102.81,101.92,101.05,100.20, 99.36, 98.54, 97.74, 96.95, 96.17, 95.41, 94.66, 93.92, 93.20, 92.49, 91.80, 91.12, 90.46, 89.82, 89.21, 88.61, 88.04, 87.50, 86.99, 86.50, 86.04, 85.59, 85.16, 84.74, 84.32, 83.91, 83.50, 83.08, 82.66, 82.24, 81.85, 81.48, 81.16, 80.88, 80.68, 80.55, 80.50, 80.55, 80.67, 80.87, 81.14, 81.48, 81.88, 82.33, 82.84, 83.39, 83.99, 84.64, 85.33, 86.07, 86.84, 87.64, 88.44, 89.25, 90.05, 90.83, 91.58, 92.30, 92.99, 93.65, 94.30, 94.93, 95.55, 96.18, 96.80, 97.44, 98.10, 98.78, 99.46,100.15,100.85,101.55,102.25,102.94,103.64,104.32,104.99,105.65,106.30,106.94,107.56,108.18,108.78,109.38,109.97,110.55,111.12,111.70,112.27,112.83,113.37,113.89,114.37,114.80,115.18,115.49,115.73,115.89,116.00,116.06,116.07,116.04,115.96,115.86,115.72,115.57,115.39,115.17,114.91,114.64,114.39,114.20,114.10,114.13,114.32,114.71,115.32,116.18,117.26,118.53,119.96,121.51,123.16,124.87,126.62,128.38,130.12,131.84,133.59,135.31,137.00,138.62,140.13,141.52,142.75,143.80,144.63,145.23,145.62,145.83,145.87,145.79,145.62,145.37,145.09,144.80,144.52,


