Timing Information
==========================================================
Clip Duration,1239.18,ms
Average RR Duration,1285,ms
Enddiastolic frame time,1265.33,ms
Endsystolic  frame time,460.772,ms
Reference time,88.326,ms
Trigger time,88.326,ms



Results
==========================================================
Global
----------------------------------------------------------
EDV,159.45,ml
ESV,82.47,ml
SV,76.99,ml
EF,48.28,%

2D
----------------------------------------------------------
RVDd base (RVD1),23.95,mm
RVDd mid (RVD2),49.47,mm
RVLd (RVD3),103.41,mm
TAPSE,21.84,mm
FAC,41.16,%
RVLS (Septum),-19.86,%
RVLS (Freewall),-28.50,%

Curves
==========================================================
Global
Global
Unit [ml]
Time [ ms],  0.00, 13.30, 26.60, 39.90, 53.20, 66.49, 79.79, 93.09,106.39,119.69,132.99,135.97,138.95,141.93,144.91,147.89,150.87,153.85,156.83,159.81,162.79,165.77,168.75,171.73,174.71,177.69,180.67,183.65,186.63,189.61,192.59,195.57,198.55,201.53,204.51,207.49,210.46,213.44,216.42,219.40,222.38,225.36,228.34,231.32,234.30,237.28,240.26,243.24,246.22,249.20,252.18,255.16,258.14,261.12,264.10,267.08,270.06,273.04,276.02,279.00,281.98,284.96,287.94,290.92,293.90,296.88,299.86,302.84,305.82,308.80,311.78,314.76,317.74,320.72,323.70,326.68,329.66,332.64,335.62,338.60,341.58,344.56,347.54,350.52,353.50,356.48,359.46,362.44,365.42,368.40,371.38,374.36,377.34,380.32,383.30,386.28,389.26,392.24,395.22,398.20,401.18,404.15,407.13,410.11,413.09,416.07,419.05,422.03,425.01,427.99,430.97,433.95,436.93,439.91,442.89,445.87,448.85,451.83,454.81,457.79,460.77,463.75,466.73,469.71,472.69,475.67,478.65,481.63,484.61,487.59,490.57,493.55,496.53,499.51,502.49,505.47,508.45,511.43,514.41,517.39,520.37,523.35,526.33,529.31,532.29,535.27,538.25,541.23,544.21,547.19,550.17,553.15,556.13,559.11,562.09,565.07,568.05,571.03,574.01,576.99,579.97,582.94,585.92,588.90,591.88,594.86,597.84,600.82,603.80,606.78,609.76,612.74,615.72,618.70,621.68,624.66,627.64,630.62,633.60,636.58,639.56,642.54,645.52,648.50,651.48,654.46,657.44,660.42,663.40,666.38,669.36,672.34,675.32,678.30,681.28,684.26,687.24,690.22,693.20,696.18,699.16,702.14,705.12,708.10,711.08,714.06,717.04,720.02,723.00,725.98,728.96,731.94,734.92,737.90,740.88,743.86,746.84,749.82,752.80,755.78,758.76,761.74,764.72,767.70,770.68,773.65,776.63,779.61,782.59,785.57,788.55,791.53,794.51,797.49,800.47,803.45,806.43,809.41,812.39,815.37,818.35,821.33,824.31,827.29,830.27,833.25,836.23,839.21,842.19,845.17,848.15,851.13,854.11,857.09,860.07,863.05,866.03,869.01,871.99,874.97,877.95,880.93,883.91,886.89,889.87,892.85,895.83,898.81,901.79,904.77,907.75,910.73,913.71,916.69,919.67,922.65,925.63,928.61,931.59,934.57,937.55,940.53,943.51,946.49,949.47,952.45,955.42,958.40,961.38,964.36,967.34,970.32,973.30,976.28,979.26,982.24,985.22,988.20,991.18,994.16,997.14,1000.12,1003.10,1006.08,1009.06,1012.04,1015.02,1018.00,1020.98,1023.96,1026.94,1029.92,1032.90,1035.88,1038.86,1041.84,1044.82,1047.80,1050.78,1053.76,1056.74,1059.72,1062.70,1065.68,1068.66,1071.64,1074.62,1077.60,1080.58,1083.56,1086.54,1089.52,1092.50,1095.48,1098.46,1101.44,1104.42,1107.40,1110.38,1113.36,1116.34,1119.32,1122.30,1125.28,1128.26,1131.24,1134.22,1137.20,1140.18,1143.16,1146.13,1149.11,1152.09,1155.07,1158.05,1161.03,1164.01,1166.99,1169.97,1172.95,1175.93,1178.91,1181.89,1184.87,1187.85,1190.83,1193.81,1196.79,1199.77,1202.75,1205.73,1208.71,1211.69,1214.67,1217.65,1220.63,1223.61,1226.59,1229.57,1232.55,1235.53,1238.51,1241.49,1244.47,1247.45,1250.43,1253.41,1256.39,1259.37,1262.35,1265.33,1268.31,1271.29,1274.27,1277.25,1280.23,1283.21,1286.19,1289.17,1292.15,1295.13,
 Segment Global,148.80,148.09,147.37,146.65,145.94,145.24,144.55,143.88,143.23,142.60,142.01,141.45,140.92,140.42,139.93,139.47,139.02,138.58,138.14,137.71,137.27,136.82,136.38,135.93,135.48,135.02,134.55,134.08,133.61,133.12,132.63,132.13,131.63,131.11,130.58,130.03,129.46,128.87,128.25,127.59,126.90,126.18,125.41,124.62,123.80,122.97,122.12,121.26,120.40,119.55,118.70,117.86,117.03,116.20,115.39,114.59,113.81,113.04,112.30,111.59,110.90,110.25,109.62,109.03,108.45,107.90,107.37,106.85,106.34,105.85,105.36,104.88,104.42,103.96,103.50,103.05,102.59,102.13,101.65,101.16,100.65,100.12, 99.57, 99.01, 98.43, 97.84, 97.25, 96.66, 96.08, 95.50, 94.94, 94.38, 93.84, 93.31, 92.79, 92.27, 91.76, 91.26, 90.76, 90.26, 89.77, 89.28, 88.80, 88.32, 87.86, 87.40, 86.95, 86.52, 86.09, 85.67, 85.27, 84.88, 84.49, 84.12, 83.77, 83.45, 83.16, 82.91, 82.71, 82.57, 82.48, 82.47, 82.51, 82.61, 82.76, 82.96, 83.18, 83.43, 83.70, 83.98, 84.27, 84.55, 84.84, 85.14, 85.45, 85.79, 86.16, 86.56, 87.01, 87.51, 88.06, 88.67, 89.34, 90.04, 90.79, 91.57, 92.37, 93.21, 94.06, 94.92, 95.80, 96.69, 97.59, 98.50, 99.41,100.31,101.20,102.06,102.89,103.69,104.44,105.14,105.79,106.40,106.98,107.52,108.05,108.55,109.05,109.53,110.02,110.50,110.98,111.45,111.92,112.39,112.88,113.37,113.89,114.43,114.99,115.58,116.20,116.84,117.50,118.17,118.86,119.55,120.24,120.93,121.61,122.29,122.97,123.65,124.31,124.95,125.57,126.16,126.72,127.23,127.69,128.10,128.45,128.77,129.04,129.28,129.49,129.67,129.84,129.99,130.13,130.27,130.39,130.50,130.59,130.68,130.77,130.85,130.92,131.00,131.07,131.15,131.23,131.31,131.39,131.47,131.55,131.63,131.70,131.77,131.84,131.90,131.95,132.01,132.06,132.10,132.14,132.18,132.21,132.23,132.25,132.26,132.27,132.27,132.27,132.26,132.25,132.23,132.22,132.20,132.18,132.16,132.15,132.13,132.11,132.09,132.07,132.05,132.04,132.02,132.00,131.99,131.98,131.97,131.96,131.96,131.95,131.95,131.95,131.96,131.96,131.97,131.98,132.00,132.01,132.03,132.06,132.09,132.13,132.17,132.22,132.28,132.35,132.42,132.49,132.57,132.66,132.75,132.84,132.93,133.02,133.11,133.21,133.30,133.40,133.49,133.58,133.66,133.74,133.81,133.88,133.93,133.98,134.02,134.06,134.09,134.12,134.14,134.16,134.18,134.20,134.22,134.24,134.26,134.28,134.31,134.33,134.35,134.38,134.40,134.43,134.47,134.51,134.55,134.59,134.65,134.71,134.77,134.84,134.92,135.01,135.10,135.20,135.31,135.43,135.56,135.71,135.88,136.07,136.29,136.53,136.80,137.11,137.45,137.80,138.18,138.56,138.94,139.32,139.69,140.04,140.36,140.65,140.93,141.21,141.52,141.87,142.28,142.77,143.35,144.04,144.86,145.79,146.81,147.89,149.01,150.13,151.23,152.29,153.28,154.17,154.95,155.66,156.28,156.82,157.30,157.72,158.08,158.40,158.67,158.91,159.10,159.26,159.37,159.43,159.45,159.43,159.37,159.26,159.12,158.93,158.70,158.44,158.15,157.83,157.48,157.12,156.74,156.36,155.96,155.57,


