Timing Information
==========================================================
Clip Duration,1178,ms
Average RR Duration,1178,ms
Enddiastolic frame time,22.135,ms
Endsystolic  frame time,366.583,ms
Reference time,7.051,ms
Trigger time,7.051,ms



Results
==========================================================
Global
----------------------------------------------------------
EDV,168.69,ml
ESV,74.60,ml
SV,94.10,ml
EF,55.78,%

2D
----------------------------------------------------------
RVDd base (RVD1),30.91,mm
RVDd mid (RVD2),38.95,mm
RVLd (RVD3),103.52,mm
TAPSE,28.98,mm
FAC,47.43,%
RVLS (Septum),-20.16,%
RVLS (Freewall),-31.97,%

Curves
==========================================================
Global
Global
Unit [ml]
Time [ ms],  0.00,  2.21,  4.43,  6.64,  8.85, 11.07, 13.28, 15.49, 17.71, 19.92, 22.14, 23.63, 25.13, 26.63, 28.13, 29.62, 31.12, 32.62, 34.12, 35.61, 37.11, 38.61, 40.11, 41.60, 43.10, 44.60, 46.10, 47.59, 49.09, 50.59, 52.09, 53.58, 55.08, 56.58, 58.08, 59.58, 61.07, 62.57, 64.07, 65.57, 67.06, 68.56, 70.06, 71.56, 73.05, 74.55, 76.05, 77.55, 79.04, 80.54, 82.04, 83.54, 85.03, 86.53, 88.03, 89.53, 91.02, 92.52, 94.02, 95.52, 97.02, 98.51,100.01,101.51,103.01,104.50,106.00,107.50,109.00,110.49,111.99,113.49,114.99,116.48,117.98,119.48,120.98,122.47,123.97,125.47,126.97,128.46,129.96,131.46,132.96,134.45,135.95,137.45,138.95,140.45,141.94,143.44,144.94,146.44,147.93,149.43,150.93,152.43,153.92,155.42,156.92,158.42,159.91,161.41,162.91,164.41,165.90,167.40,168.90,170.40,171.90,173.39,174.89,176.39,177.89,179.38,180.88,182.38,183.88,185.37,186.87,188.37,189.87,191.36,192.86,194.36,195.86,197.35,198.85,200.35,201.85,203.34,204.84,206.34,207.84,209.34,210.83,212.33,213.83,215.33,216.82,218.32,219.82,221.32,222.81,224.31,225.81,227.31,228.80,230.30,231.80,233.30,234.79,236.29,237.79,239.29,240.78,242.28,243.78,245.28,246.78,248.27,249.77,251.27,252.77,254.26,255.76,257.26,258.76,260.25,261.75,263.25,264.75,266.24,267.74,269.24,270.74,272.23,273.73,275.23,276.73,278.22,279.72,281.22,282.72,284.22,285.71,287.21,288.71,290.21,291.70,293.20,294.70,296.20,297.69,299.19,300.69,302.19,303.68,305.18,306.68,308.18,309.67,311.17,312.67,314.17,315.66,317.16,318.66,320.16,321.66,323.15,324.65,326.15,327.65,329.14,330.64,332.14,333.64,335.13,336.63,338.13,339.63,341.12,342.62,344.12,345.62,347.11,348.61,350.11,351.61,353.10,354.60,356.10,357.60,359.10,360.59,362.09,363.59,365.09,366.58,368.08,369.58,371.08,372.57,374.07,375.57,377.07,378.56,380.06,381.56,383.06,384.55,386.05,387.55,389.05,390.54,392.04,393.54,395.04,396.54,398.03,399.53,401.03,402.53,404.02,405.52,407.02,408.52,410.01,411.51,413.01,414.51,416.00,417.50,419.00,420.50,421.99,423.49,424.99,426.49,427.98,429.48,430.98,432.48,433.97,435.47,436.97,438.47,439.97,441.46,442.96,444.46,445.96,447.45,448.95,450.45,451.95,453.44,454.94,456.44,457.94,459.43,460.93,462.43,463.93,465.42,466.92,468.42,469.92,471.42,472.91,474.41,475.91,477.41,478.90,480.40,481.90,483.40,484.89,486.39,487.89,489.39,490.88,492.38,493.88,495.38,496.87,498.37,499.87,501.37,502.86,504.36,505.86,507.36,508.86,510.35,511.85,513.35,514.85,516.34,517.84,519.34,520.84,522.33,523.83,525.33,526.83,528.32,529.82,531.32,532.82,534.31,535.81,537.31,538.81,540.30,541.80,543.30,544.80,546.29,547.79,549.29,550.79,552.29,553.78,555.28,556.78,558.28,559.77,561.27,562.77,564.27,565.76,567.26,568.76,570.26,571.75,573.25,574.75,576.25,577.74,579.24,580.74,582.24,583.73,585.23,586.73,588.23,589.73,591.22,592.72,594.22,595.72,597.21,598.71,600.21,601.71,603.20,604.70,606.20,607.70,609.19,610.69,612.19,613.69,615.18,616.68,618.18,619.68,621.18,622.67,624.17,625.67,627.17,628.66,630.16,631.66,633.16,634.65,636.15,637.65,639.15,640.64,642.14,643.64,645.14,646.63,648.13,649.63,651.13,652.62,654.12,655.62,657.12,658.62,660.11,661.61,663.11,664.61,666.10,667.60,669.10,670.60,672.09,673.59,675.09,676.59,678.08,679.58,681.08,682.58,684.07,685.57,687.07,688.57,690.06,691.56,693.06,694.56,696.06,697.55,699.05,700.55,702.05,703.54,705.04,706.54,708.04,709.53,711.03,712.53,714.03,715.52,717.02,718.52,720.02,721.51,723.01,724.51,726.01,727.50,729.00,730.50,732.00,733.50,734.99,736.49,737.99,739.49,740.98,742.48,743.98,745.48,746.97,748.47,749.97,751.47,752.96,754.46,755.96,757.46,758.95,760.45,761.95,763.45,764.94,766.44,767.94,769.44,770.94,772.43,773.93,775.43,776.93,778.42,779.92,781.42,782.92,784.41,785.91,787.41,788.91,790.40,791.90,793.40,794.90,796.39,797.89,799.39,800.89,802.38,803.88,805.38,806.88,808.38,809.87,811.37,812.87,814.37,815.86,817.36,818.86,820.36,821.85,823.35,824.85,826.35,827.84,829.34,830.84,832.34,833.83,835.33,836.83,838.33,839.82,841.32,842.82,844.32,845.82,847.31,848.81,850.31,851.81,853.30,854.80,856.30,857.80,859.29,860.79,862.29,863.79,865.28,866.78,868.28,869.78,871.27,872.77,874.27,875.77,877.26,878.76,880.26,881.76,883.26,884.75,886.25,887.75,889.25,890.74,892.24,893.74,895.24,896.73,898.23,899.73,901.23,902.72,904.22,905.72,907.22,908.71,910.21,911.71,913.21,914.70,916.20,917.70,919.20,920.70,922.19,923.69,925.19,926.69,928.18,929.68,931.18,932.68,934.17,935.67,937.17,938.67,940.16,941.66,943.16,944.66,946.15,947.65,949.15,950.65,952.14,953.64,955.14,956.64,958.14,959.63,961.13,962.63,964.13,965.62,967.12,968.62,970.12,971.61,973.11,974.61,976.11,977.60,979.10,980.60,982.10,983.59,985.09,986.59,988.09,989.58,991.08,992.58,994.08,995.58,997.07,998.57,1000.07,1001.57,1003.06,1004.56,1006.06,1007.56,1009.05,1010.55,1012.05,1013.55,1015.04,1016.54,1018.04,1019.54,1021.03,1022.53,1024.03,1025.53,1027.02,1028.52,1030.02,1031.52,1033.02,1034.51,1036.01,1037.51,1039.01,1040.50,1042.00,1043.50,1045.00,1046.49,1047.99,1049.49,1050.99,1052.48,1053.98,1055.48,1056.98,1058.47,1059.97,1061.47,1062.97,1064.46,1065.96,1067.46,1068.96,1070.45,1071.95,1073.45,1074.95,1076.45,1077.94,1079.44,1080.94,1082.44,1083.93,1085.43,1086.93,1088.43,1089.92,1091.42,1092.92,1094.42,1095.91,1097.41,1098.91,1100.41,1101.90,1103.40,1104.90,1106.40,1107.89,1109.39,1110.89,1112.39,1113.89,1115.38,1116.88,1118.38,1119.88,1121.37,1122.87,1124.37,1125.87,1127.36,1128.86,1130.36,1131.86,1133.35,1134.85,1136.35,1137.85,1139.34,1140.84,1142.34,1143.84,1145.34,1146.83,1148.33,1149.83,1151.33,1152.82,1154.32,1155.82,1157.32,1158.81,1160.31,1161.81,1163.31,1164.80,1166.30,1167.80,1169.30,1170.79,1172.29,1173.79,1175.29,
 Segment Global,166.57,166.90,167.23,167.56,167.87,168.15,168.38,168.56,168.67,168.69,168.63,168.47,168.22,167.89,167.48,166.99,166.44,165.83,165.16,164.44,163.68,162.86,161.98,161.06,160.12,159.17,158.23,157.32,156.44,155.63,154.90,154.25,153.68,153.18,152.74,152.34,151.99,151.67,151.38,151.10,150.82,150.54,150.28,150.03,149.79,149.56,149.34,149.13,148.92,148.71,148.51,148.32,148.12,147.93,147.73,147.51,147.28,147.03,146.76,146.46,146.13,145.76,145.36,144.92,144.46,143.97,143.46,142.93,142.39,141.83,141.25,140.67,140.07,139.46,138.84,138.21,137.57,136.92,136.26,135.59,134.92,134.24,133.55,132.86,132.17,131.47,130.78,130.08,129.39,128.71,128.03,127.37,126.71,126.06,125.41,124.77,124.14,123.51,122.88,122.26,121.63,121.01,120.39,119.77,119.15,118.54,117.93,117.32,116.72,116.12,115.52,114.93,114.34,113.75,113.17,112.59,112.02,111.44,110.87,110.30,109.74,109.18,108.62,108.06,107.51,106.96,106.41,105.87,105.33,104.80,104.27,103.75,103.23,102.72,102.21,101.70,101.20,100.71,100.22, 99.74, 99.26, 98.78, 98.31, 97.85, 97.39, 96.94, 96.49, 96.05, 95.61, 95.19, 94.77, 94.36, 93.96, 93.57, 93.18, 92.80, 92.42, 92.06, 91.69, 91.33, 90.98, 90.63, 90.28, 89.94, 89.60, 89.26, 88.93, 88.60, 88.28, 87.96, 87.64, 87.33, 87.02, 86.72, 86.41, 86.12, 85.82, 85.53, 85.24, 84.95, 84.66, 84.38, 84.10, 83.83, 83.56, 83.29, 83.02, 82.75, 82.49, 82.24, 81.98, 81.73, 81.48, 81.24, 81.00, 80.76, 80.52, 80.29, 80.07, 79.84, 79.63, 79.41, 79.20, 79.00, 78.80, 78.60, 78.41, 78.22, 78.04, 77.86, 77.69, 77.52, 77.36, 77.20, 77.05, 76.91, 76.77, 76.63, 76.50, 76.37, 76.25, 76.13, 76.02, 75.91, 75.81, 75.71, 75.62, 75.53, 75.44, 75.35, 75.26, 75.18, 75.10, 75.01, 74.93, 74.86, 74.79, 74.74, 74.68, 74.65, 74.62, 74.60, 74.60, 74.61, 74.62, 74.64, 74.67, 74.71, 74.75, 74.79, 74.83, 74.87, 74.92, 74.96, 75.01, 75.06, 75.11, 75.17, 75.23, 75.29, 75.36, 75.43, 75.50, 75.58, 75.66, 75.75, 75.84, 75.94, 76.04, 76.15, 76.27, 76.40, 76.54, 76.68, 76.83, 76.99, 77.16, 77.33, 77.51, 77.70, 77.89, 78.09, 78.30, 78.51, 78.73, 78.96, 79.20, 79.45, 79.71, 79.98, 80.26, 80.55, 80.86, 81.17, 81.50, 81.84, 82.20, 82.57, 82.97, 83.38, 83.82, 84.28, 84.76, 85.26, 85.78, 86.31, 86.87, 87.44, 88.02, 88.62, 89.22, 89.84, 90.47, 91.11, 91.76, 92.43, 93.10, 93.78, 94.48, 95.18, 95.90, 96.62, 97.36, 98.11, 98.86, 99.61,100.36,101.12,101.87,102.61,103.34,104.07,104.78,105.49,106.18,106.88,107.57,108.25,108.94,109.62,110.31,110.99,111.68,112.36,113.04,113.72,114.39,115.06,115.73,116.39,117.05,117.70,118.35,119.00,119.64,120.26,120.88,121.48,122.06,122.63,123.17,123.69,124.19,124.67,125.13,125.57,126.00,126.42,126.82,127.22,127.61,127.99,128.36,128.72,129.08,129.42,129.75,130.08,130.39,130.69,130.97,131.25,131.51,131.76,132.00,132.23,132.45,132.67,132.89,133.10,133.31,133.52,133.73,133.94,134.14,134.34,134.54,134.73,134.91,135.09,135.25,135.41,135.56,135.70,135.84,135.96,136.09,136.20,136.31,136.42,136.53,136.63,136.73,136.82,136.91,136.99,137.07,137.14,137.20,137.25,137.30,137.33,137.36,137.38,137.39,137.39,137.39,137.38,137.37,137.35,137.33,137.31,137.29,137.26,137.23,137.19,137.15,137.11,137.07,137.03,136.98,136.93,136.88,136.83,136.77,136.71,136.65,136.59,136.53,136.46,136.39,136.32,136.24,136.16,136.08,136.00,135.92,135.83,135.75,135.67,135.59,135.50,135.42,135.34,135.26,135.19,135.11,135.03,134.95,134.87,134.79,134.71,134.62,134.54,134.46,134.38,134.30,134.22,134.15,134.08,134.02,133.96,133.91,133.86,133.82,133.78,133.74,133.71,133.67,133.64,133.61,133.58,133.54,133.51,133.48,133.45,133.43,133.40,133.37,133.35,133.33,133.31,133.29,133.28,133.26,133.25,133.24,133.23,133.23,133.23,133.23,133.24,133.25,133.26,133.28,133.30,133.33,133.35,133.38,133.41,133.43,133.46,133.49,133.52,133.56,133.59,133.62,133.66,133.69,133.73,133.77,133.81,133.85,133.89,133.93,133.97,134.01,134.05,134.09,134.13,134.16,134.20,134.23,134.26,134.28,134.31,134.34,134.36,134.39,134.41,134.44,134.47,134.49,134.52,134.55,134.57,134.60,134.63,134.65,134.68,134.70,134.73,134.76,134.78,134.81,134.83,134.85,134.88,134.90,134.92,134.95,134.97,134.99,135.01,135.03,135.05,135.06,135.08,135.10,135.12,135.14,135.15,135.17,135.19,135.21,135.22,135.24,135.26,135.28,135.29,135.31,135.33,135.34,135.36,135.38,135.40,135.41,135.43,135.45,135.46,135.48,135.49,135.51,135.53,135.54,135.56,135.57,135.59,135.60,135.62,135.63,135.65,135.66,135.68,135.69,135.70,135.72,135.73,135.74,135.76,135.77,135.78,135.79,135.81,135.82,135.83,135.84,135.85,135.86,135.87,135.88,135.89,135.90,135.90,135.91,135.92,135.93,135.93,135.94,135.95,135.96,135.96,135.97,135.98,135.99,136.00,136.01,136.02,136.03,136.04,136.05,136.05,136.06,136.08,136.09,136.10,136.11,136.13,136.15,136.16,136.19,136.21,136.24,136.27,136.30,136.34,136.38,136.42,136.47,136.51,136.56,136.62,136.68,136.74,136.80,136.87,136.95,137.03,137.11,137.20,137.30,137.40,137.50,137.62,137.73,137.86,138.00,138.14,138.30,138.47,138.66,138.85,139.06,139.29,139.52,139.77,140.02,140.28,140.56,140.83,141.12,141.41,141.70,142.00,142.31,142.62,142.94,143.27,143.60,143.95,144.29,144.65,145.01,145.38,145.76,146.14,146.52,146.90,147.29,147.67,148.06,148.45,148.83,149.21,149.59,149.97,150.34,150.72,151.09,151.46,151.83,152.19,152.55,152.91,153.26,153.60,153.93,154.24,154.55,154.84,155.11,155.37,155.61,155.83,156.04,156.22,156.39,156.53,156.64,156.73,156.78,156.80,156.79,156.76,156.71,156.64,156.56,156.47,156.37,156.27,156.18,156.09,156.00,155.91,155.83,155.77,155.72,155.70,155.71,155.76,155.84,155.96,156.13,156.33,156.56,156.81,157.08,157.36,157.65,157.94,158.23,


