Timing Information
==========================================================
Clip Duration,1127.59,ms
Average RR Duration,1086.89,ms
Enddiastolic frame time,4.21795,ms
Endsystolic  frame time,359.856,ms
Reference time,4.21795,ms
Trigger time,7.535,ms



Results
==========================================================
Global
----------------------------------------------------------
EDV,151.95,ml
ESV,62.65,ml
SV,89.30,ml
EF,58.77,%

2D
----------------------------------------------------------
RVDd base (RVD1),27.29,mm
RVDd mid (RVD2),46.54,mm
RVLd (RVD3),93.44,mm
TAPSE,23.99,mm
FAC,42.63,%
RVLS (Septum),-17.62,%
RVLS (Freewall),-28.05,%

Curves
==========================================================
Global
Global
Unit [ml]
Time [ ms],  0.00,  9.18, 18.37, 27.55, 36.73, 45.92, 55.10, 64.29, 73.47, 82.65, 91.84, 96.98,102.12,107.26,112.40,117.54,122.68,127.82,132.96,138.10,143.24,148.38,153.53,158.67,163.81,168.95,174.09,179.23,184.37,189.51,194.65,199.79,204.93,210.07,215.22,220.36,225.50,230.64,235.78,240.92,246.06,251.20,256.34,261.48,266.62,271.76,276.90,282.05,287.19,292.33,297.47,302.61,307.75,312.89,318.03,323.17,328.31,333.45,338.59,343.74,348.88,354.02,359.16,364.30,369.44,374.58,379.72,384.86,390.00,395.14,400.28,405.42,410.57,415.71,420.85,425.99,431.13,436.27,441.41,446.55,451.69,456.83,461.97,467.11,472.26,477.40,482.54,487.68,492.82,497.96,503.10,508.24,513.38,518.52,523.66,528.80,533.94,539.09,544.23,549.37,554.51,559.65,564.79,569.93,575.07,580.21,585.35,590.49,595.63,600.78,605.92,611.06,616.20,621.34,626.48,631.62,636.76,641.90,647.04,652.18,657.32,662.46,667.61,672.75,677.89,683.03,688.17,693.31,698.45,703.59,708.73,713.87,719.01,724.15,729.30,734.44,739.58,744.72,749.86,755.00,760.14,765.28,770.42,775.56,780.70,785.84,790.98,796.13,801.27,806.41,811.55,816.69,821.83,826.97,832.11,837.25,842.39,847.53,852.67,857.82,862.96,868.10,873.24,878.38,883.52,888.66,893.80,898.94,904.08,909.22,914.36,919.50,924.65,929.79,934.93,940.07,945.21,950.35,955.49,960.63,965.77,970.91,976.05,981.19,986.34,991.48,996.62,1001.76,1006.90,1012.04,1017.18,1022.32,1027.46,1032.60,1037.74,1042.88,1048.02,1053.17,1058.31,1063.45,1068.59,1073.73,1078.87,1084.01,1089.15,1094.29,1099.43,1104.57,1109.71,1114.86,1120.00,
 Segment Global,151.95,149.48,147.01,144.54,142.09,139.66,137.26,134.91,132.61,130.37,128.20,126.11,124.10,122.15,120.26,118.43,116.65,114.91,113.22,111.55,109.92,108.31,106.74,105.20,103.69,102.21,100.75, 99.30, 97.88, 96.47, 95.07, 93.69, 92.32, 90.96, 89.62, 88.28, 86.95, 85.63, 84.31, 83.00, 81.68, 80.35, 79.02, 77.69, 76.38, 75.10, 73.86, 72.67, 71.54, 70.48, 69.51, 68.63, 67.83, 67.12, 66.48, 65.91, 65.39, 64.93, 64.52, 64.15, 63.81, 63.50, 63.22, 62.99, 62.81, 62.70, 62.65, 62.67, 62.78, 62.99, 63.29, 63.69, 64.19, 64.77, 65.43, 66.18, 67.00, 67.90, 68.88, 69.92, 71.04, 72.23, 73.49, 74.82, 76.19, 77.60, 79.01, 80.43, 81.83, 83.19, 84.50, 85.74, 86.92, 88.05, 89.14, 90.23, 91.32, 92.43, 93.58, 94.79, 96.07, 97.44, 98.88,100.36,101.87,103.36,104.83,106.25,107.58,108.80,109.90,110.86,111.70,112.42,113.05,113.59,114.05,114.43,114.77,115.05,115.29,115.50,115.65,115.76,115.84,115.87,115.87,115.84,115.79,115.71,115.62,115.50,115.37,115.23,115.08,114.93,114.78,114.64,114.52,114.42,114.35,114.30,114.29,114.31,114.34,114.39,114.46,114.53,114.60,114.66,114.72,114.78,114.82,114.87,114.91,114.96,115.00,115.05,115.10,115.15,115.22,115.29,115.37,115.45,115.54,115.64,115.73,115.82,115.91,115.99,116.07,116.14,116.20,116.27,116.34,116.43,116.53,116.66,116.81,116.99,117.20,117.44,117.70,118.00,118.34,118.75,119.24,119.83,120.52,121.34,122.30,123.42,124.68,126.06,127.54,129.09,130.69,132.32,133.94,135.54,137.09,138.59,140.05,141.47,142.87,144.25,145.61,146.97,148.33,149.69,151.07,


