4DRV-Function2 2.0.6.467461

Study UID,1.2.250.1.59.470.107040704.20140205143104.1149.120159
Study date and time,2014-03-20,00:00:00


Patient Information
==========================================================
PatientID,2718283
Name,Navigator 35,X.,
Date of Birth,2014-01-01
Sex,male


Timing Information
==========================================================
Clip Duration,1140.47,ms
Average RR Duration,1071.43,ms
Enddiastolic frame time,25.7937,ms
Endsystolic  frame time,431.794,ms
Reference time,25.7937,ms
Trigger time,-1.79769e+308,ms



Results
==========================================================
Global
----------------------------------------------------------
EDV,107.47,ml
ESV,39.29,ml
SV,68.18,ml
EF,63.44,%

2D
----------------------------------------------------------
RVDd base (RVD1),20.45,mm
RVDd mid (RVD2),41.11,mm
RVLd (RVD3),86.26,mm
TAPSE,28.33,mm
FAC,50.83,%
RVLS (Septum),-27.50,%
RVLS (Freewall),-32.54,%

Curves
==========================================================
Global
Global
Unit [ml]
Time [ ms],  0.00, 18.15, 36.30, 54.45, 72.60, 90.76,108.91,127.06,145.21,163.36,181.51,185.44,189.37,193.31,197.24,201.17,205.10,209.03,212.96,216.89,220.82,224.76,228.69,232.62,236.55,240.48,244.41,248.34,252.27,256.20,260.14,264.07,268.00,271.93,275.86,279.79,283.72,287.65,291.59,295.52,299.45,303.38,307.31,311.24,315.17,319.10,323.04,326.97,330.90,334.83,338.76,342.69,346.62,350.55,354.48,358.42,362.35,366.28,370.21,374.14,378.07,382.00,385.93,389.87,393.80,397.73,401.66,405.59,409.52,413.45,417.38,421.32,425.25,429.18,433.11,437.04,440.97,444.90,448.83,452.76,456.70,460.63,464.56,468.49,472.42,476.35,480.28,484.21,488.15,492.08,496.01,499.94,503.87,507.80,511.73,515.66,519.60,523.53,527.46,531.39,535.32,539.25,543.18,547.11,551.04,554.98,558.91,562.84,566.77,570.70,574.63,578.56,582.49,586.43,590.36,594.29,598.22,602.15,606.08,610.01,613.94,617.88,621.81,625.74,629.67,633.60,637.53,641.46,645.39,649.32,653.26,657.19,661.12,665.05,668.98,672.91,676.84,680.77,684.71,688.64,692.57,696.50,700.43,704.36,708.29,712.22,716.16,720.09,724.02,727.95,731.88,735.81,739.74,743.67,747.60,751.54,755.47,759.40,763.33,767.26,771.19,775.12,779.05,782.99,786.92,790.85,794.78,798.71,802.64,806.57,810.50,814.44,818.37,822.30,826.23,830.16,834.09,838.02,841.95,845.88,849.82,853.75,857.68,861.61,865.54,869.47,873.40,877.33,881.27,885.20,889.13,893.06,896.99,900.92,904.85,908.78,912.72,916.65,920.58,924.51,928.44,932.37,936.30,940.23,944.16,948.10,952.03,955.96,959.89,963.82,967.75,971.68,975.61,979.55,983.48,987.41,991.34,995.27,999.20,1003.13,1007.06,1011.00,1014.93,1018.86,1022.79,1026.72,1030.65,1034.58,1038.51,1042.44,1046.38,1050.31,1054.24,1058.17,1062.10,1066.03,1069.96,1073.89,1077.83,1081.76,1085.69,1089.62,1093.55,1097.48,1101.41,1105.34,1109.28,1113.21,1117.14,1121.07,1125.00,
 Segment Global,107.47,106.47,105.48,104.48,103.48,102.48,101.49,100.50, 99.52, 98.54, 97.58, 96.63, 95.70, 94.77, 93.84, 92.90, 91.96, 90.99, 89.99, 88.96, 87.89, 86.78, 85.64, 84.46, 83.26, 82.04, 80.80, 79.54, 78.27, 76.99, 75.71, 74.41, 73.10, 71.78, 70.48, 69.19, 67.94, 66.74, 65.60, 64.54, 63.56, 62.68, 61.90, 61.19, 60.54, 59.94, 59.36, 58.80, 58.23, 57.65, 57.02, 56.36, 55.67, 54.96, 54.24, 53.51, 52.78, 52.06, 51.35, 50.66, 50.00, 49.37, 48.76, 48.17, 47.60, 47.05, 46.53, 46.02, 45.54, 45.08, 44.65, 44.24, 43.85, 43.49, 43.15, 42.83, 42.54, 42.27, 42.02, 41.78, 41.57, 41.39, 41.23, 41.09, 40.97, 40.86, 40.76, 40.66, 40.55, 40.44, 40.32, 40.18, 40.02, 39.86, 39.71, 39.57, 39.44, 39.35, 39.30, 39.29, 39.34, 39.45, 39.61, 39.81, 40.07, 40.37, 40.72, 41.12, 41.56, 42.04, 42.58, 43.15, 43.77, 44.42, 45.12, 45.84, 46.60, 47.39, 48.20, 49.03, 49.89, 50.78, 51.71, 52.65, 53.60, 54.53, 55.43, 56.28, 57.07, 57.77, 58.37, 58.84, 59.19, 59.46, 59.67, 59.88, 60.10, 60.38, 60.75, 61.25, 61.90, 62.74, 63.72, 64.82, 66.02, 67.29, 68.60, 69.92, 71.22, 72.49, 73.69, 74.82, 75.90, 76.94, 77.92, 78.85, 79.71, 80.52, 81.26, 81.93, 82.53, 83.05, 83.48, 83.85, 84.14, 84.37, 84.55, 84.68, 84.78, 84.84, 84.87, 84.88, 84.86, 84.81, 84.74, 84.65, 84.54, 84.41, 84.28, 84.14, 83.99, 83.84, 83.69, 83.54, 83.39, 83.23, 83.08, 82.92, 82.76, 82.60, 82.44, 82.28, 82.12, 81.96, 81.81, 81.65, 81.49, 81.33, 81.17, 81.00, 80.82, 80.64, 80.46, 80.27, 80.09, 79.91, 79.73, 79.56, 79.39, 79.24, 79.11, 78.99, 78.89, 78.80, 78.74, 78.69, 78.66, 78.65, 78.65, 78.66, 78.68, 78.70, 78.73, 78.78, 78.86, 78.99, 79.19, 79.47, 79.85, 80.34, 80.96, 81.72, 82.60, 83.60, 84.69, 85.86, 87.09, 88.37, 89.67, 90.98, 92.28, 93.57, 94.86, 96.16, 97.45, 98.75,100.05,101.36,102.67,103.99,105.32,


