Timing Information
==========================================================
Clip Duration,728,ms
Average RR Duration,728,ms
Enddiastolic frame time,743.72,ms
Endsystolic  frame time,434.062,ms
Reference time,24.638,ms
Trigger time,24.638,ms



Results
==========================================================
Global
----------------------------------------------------------
EDV,60.60,ml
ESV,31.01,ml
SV,29.59,ml
EF,48.83,%

2D
----------------------------------------------------------
RVDd base (RVD1),24.19,mm
RVDd mid (RVD2),27.22,mm
RVLd (RVD3),67.29,mm
TAPSE,12.16,mm
FAC,48.67,%
RVLS (Septum),-22.76,%
RVLS (Freewall),-28.32,%

Curves
==========================================================
Global
Global
Unit [ml]
Time [ ms],  0.00,  3.87,  7.74, 11.61, 15.48, 19.35, 23.22, 27.10, 30.97, 34.84, 38.71, 43.41, 48.11, 52.80, 57.50, 62.20, 66.90, 71.60, 76.30, 81.00, 85.70, 89.57, 93.44, 97.31,101.18,105.05,108.92,112.79,116.66,120.53,124.40,128.27,132.15,136.02,139.89,143.76,147.63,151.50,155.37,159.24,163.11,166.98,170.85,174.72,178.59,182.47,186.34,190.21,194.08,197.95,201.82,205.69,209.56,213.43,217.30,221.17,225.04,228.91,232.78,236.66,240.53,244.40,248.27,252.14,256.01,259.88,263.75,267.62,271.49,275.36,279.23,283.10,286.97,290.85,294.72,298.59,302.46,306.33,310.20,314.07,317.94,321.81,325.68,329.55,333.42,337.29,341.16,345.04,348.91,352.78,356.65,360.52,364.39,368.26,372.13,376.00,379.87,383.74,387.61,391.48,395.36,399.23,403.10,406.97,410.84,414.71,418.58,422.45,426.32,430.19,434.06,437.93,441.80,445.67,449.54,453.42,457.29,461.16,465.03,468.90,472.77,476.64,480.51,484.38,488.25,492.12,495.99,499.86,503.73,507.61,511.48,515.35,519.22,523.09,526.96,530.83,534.70,538.57,542.44,546.31,550.18,554.05,557.93,561.80,565.67,569.54,573.41,577.28,581.15,585.02,588.89,592.76,596.63,600.50,604.37,608.24,612.12,615.99,619.86,623.73,627.60,631.47,635.34,639.21,643.08,646.95,650.82,654.69,658.56,662.43,666.31,670.18,674.05,677.92,681.79,685.66,689.53,693.40,697.27,701.14,705.01,708.88,712.75,716.62,720.50,724.37,728.24,732.11,735.98,739.85,743.72,
 Segment Global, 58.09, 58.44, 58.82, 59.19, 59.53, 59.83, 60.04, 60.16, 60.14, 59.98, 59.63, 59.07, 58.32, 57.40, 56.37, 55.28, 54.18, 53.10, 52.09, 51.21, 50.49, 49.96, 49.58, 49.33, 49.18, 49.10, 49.05, 49.02, 48.97, 48.87, 48.70, 48.45, 48.15, 47.80, 47.42, 47.02, 46.59, 46.16, 45.73, 45.31, 44.91, 44.52, 44.13, 43.76, 43.39, 43.02, 42.67, 42.32, 41.99, 41.66, 41.34, 41.04, 40.75, 40.47, 40.21, 39.95, 39.69, 39.45, 39.20, 38.96, 38.72, 38.48, 38.24, 38.00, 37.77, 37.53, 37.31, 37.09, 36.88, 36.69, 36.50, 36.32, 36.15, 35.99, 35.84, 35.70, 35.57, 35.44, 35.32, 35.22, 35.12, 35.03, 34.95, 34.88, 34.81, 34.75, 34.68, 34.61, 34.53, 34.45, 34.35, 34.25, 34.14, 34.03, 33.91, 33.78, 33.63, 33.48, 33.30, 33.11, 32.89, 32.64, 32.36, 32.07, 31.77, 31.50, 31.28, 31.10, 31.01, 31.01, 31.12, 31.35, 31.69, 32.13, 32.65, 33.23, 33.86, 34.53, 35.22, 35.92, 36.60, 37.28, 37.97, 38.65, 39.33, 40.01, 40.68, 41.34, 41.99, 42.62, 43.24, 43.85, 44.43, 44.99, 45.54, 46.06, 46.56, 47.04, 47.50, 47.94, 48.35, 48.74, 49.11, 49.46, 49.78, 50.09, 50.39, 50.67, 50.94, 51.21, 51.47, 51.72, 51.97, 52.21, 52.45, 52.68, 52.91, 53.13, 53.35, 53.56, 53.77, 53.97, 54.18, 54.38, 54.57, 54.77, 54.97, 55.17, 55.38, 55.59, 55.80, 56.02, 56.25, 56.48, 56.72, 56.96, 57.20, 57.45, 57.69, 57.94, 58.18, 58.42, 58.66, 58.91, 59.15, 59.39, 59.63, 59.87, 60.12, 60.36, 60.60,


