Timing Information
==========================================================
Clip Duration,1145.1,ms
Average RR Duration,1083.49,ms
Enddiastolic frame time,1073.61,ms
Endsystolic  frame time,339.034,ms
Reference time,8.82514,ms
Trigger time,18.359,ms



Results
==========================================================
Global
----------------------------------------------------------
EDV,135.85,ml
ESV,57.04,ml
SV,78.81,ml
EF,58.01,%

2D
----------------------------------------------------------
RVDd base (RVD1),28.03,mm
RVDd mid (RVD2),27.73,mm
RVLd (RVD3),88.26,mm
TAPSE,19.39,mm
FAC,40.50,%
RVLS (Septum),-16.44,%
RVLS (Freewall),-23.77,%

Curves
==========================================================
Global
Global
Unit [ml]
Time [ ms],  0.00, 11.75, 23.51, 35.26, 47.02, 58.77, 70.53, 82.28, 94.04,105.79,117.55,123.20,128.85,134.50,140.15,145.80,151.45,157.10,162.75,168.40,174.06,179.71,185.36,191.01,196.66,202.31,207.96,213.61,219.26,224.91,230.56,236.21,241.86,247.51,253.16,258.81,264.46,270.11,275.76,281.42,287.07,292.72,298.37,304.02,309.67,315.32,320.97,326.62,332.27,337.92,343.57,349.22,354.87,360.52,366.17,371.82,377.48,383.13,388.78,394.43,400.08,405.73,411.38,417.03,422.68,428.33,433.98,439.63,445.28,450.93,456.58,462.23,467.88,473.53,479.19,484.84,490.49,496.14,501.79,507.44,513.09,518.74,524.39,530.04,535.69,541.34,546.99,552.64,558.29,563.94,569.59,575.24,580.90,586.55,592.20,597.85,603.50,609.15,614.80,620.45,626.10,631.75,637.40,643.05,648.70,654.35,660.00,665.65,671.30,676.95,682.61,688.26,693.91,699.56,705.21,710.86,716.51,722.16,727.81,733.46,739.11,744.76,750.41,756.06,761.71,767.36,773.01,778.66,784.32,789.97,795.62,801.27,806.92,812.57,818.22,823.87,829.52,835.17,840.82,846.47,852.12,857.77,863.42,869.07,874.72,880.38,886.03,891.68,897.33,902.98,908.63,914.28,919.93,925.58,931.23,936.88,942.53,948.18,953.83,959.48,965.13,970.78,976.43,982.08,987.74,993.39,999.04,1004.69,1010.34,1015.99,1021.64,1027.29,1032.94,1038.59,1044.24,1049.89,1055.54,1061.19,1066.84,1072.49,1078.14,1083.79,1089.45,1095.10,1100.75,1106.40,1112.05,1117.70,1123.35,1129.00,1134.65,
 Segment Global,135.84,134.01,132.18,130.35,128.52,126.69,124.84,122.98,121.10,119.20,117.27,115.31,113.33,111.32,109.31,107.30,105.31,103.33,101.39, 99.49, 97.64, 95.85, 94.10, 92.40, 90.75, 89.14, 87.58, 86.07, 84.61, 83.20, 81.83, 80.52, 79.26, 78.05, 76.88, 75.76, 74.68, 73.63, 72.60, 71.60, 70.62, 69.66, 68.72, 67.81, 66.92, 66.05, 65.22, 64.42, 63.64, 62.90, 62.19, 61.51, 60.86, 60.24, 59.66, 59.13, 58.64, 58.21, 57.84, 57.54, 57.30, 57.15, 57.06, 57.04, 57.09, 57.18, 57.33, 57.53, 57.76, 58.02, 58.31, 58.62, 58.96, 59.32, 59.73, 60.17, 60.66, 61.20, 61.81, 62.47, 63.21, 64.01, 64.88, 65.80, 66.77, 67.78, 68.83, 69.92, 71.03, 72.17, 73.32, 74.50, 75.69, 76.89, 78.10, 79.29, 80.47, 81.61, 82.71, 83.76, 84.75, 85.67, 86.53, 87.33, 88.08, 88.77, 89.40, 89.99, 90.53, 91.03, 91.49, 91.91, 92.28, 92.61, 92.90, 93.15, 93.36, 93.54, 93.69, 93.81, 93.90, 93.96, 93.99, 94.00, 93.99, 93.96, 93.93, 93.90, 93.88, 93.86, 93.86, 93.88, 93.92, 93.98, 94.05, 94.13, 94.20, 94.27, 94.34, 94.38, 94.42, 94.43, 94.43, 94.43, 94.42, 94.41, 94.40, 94.39, 94.38, 94.37, 94.37, 94.38, 94.40, 94.44, 94.50, 94.58, 94.70, 94.86, 95.06, 95.31, 95.62, 95.96, 96.33, 96.75, 97.24, 97.83, 98.54, 99.40,100.43,101.64,103.07,104.75,106.67,108.76,110.98,113.28,115.59,117.87,120.07,122.13,123.99,125.65,127.13,128.48,129.69,130.82,131.87,132.87,133.85,134.84,135.85,


