Timing Information
==========================================================
Clip Duration,842,ms
Average RR Duration,842,ms
Enddiastolic frame time,859,ms
Endsystolic  frame time,418.7,ms
Reference time,34.15,ms
Trigger time,34.15,ms



Results
==========================================================
Global
----------------------------------------------------------
EDV,209.76,ml
ESV,95.71,ml
SV,114.05,ml
EF,54.37,%

2D
----------------------------------------------------------
RVDd base (RVD1),29.59,mm
RVDd mid (RVD2),54.64,mm
RVLd (RVD3),91.14,mm
TAPSE,17.16,mm
FAC,40.53,%
RVLS (Septum),-11.51,%
RVLS (Freewall),-25.77,%

Curves
==========================================================
Global
Global
Unit [ml]
Time [ ms],  0.00,  4.89,  9.78, 14.67, 19.56, 24.45, 29.34, 34.23, 39.12, 44.01, 48.90, 56.53, 64.16, 71.79, 79.42, 87.05, 94.68,102.31,109.94,117.57,125.20,130.09,134.99,139.89,144.78,149.68,154.57,159.47,164.36,169.26,174.15,179.04,183.93,188.82,193.71,198.60,203.49,208.38,213.27,218.16,223.05,227.94,232.83,237.72,242.61,247.50,252.39,257.28,262.17,267.06,271.95,276.84,281.74,286.63,291.53,296.43,301.32,306.22,311.11,316.00,320.90,325.79,330.68,335.57,340.46,345.35,350.24,355.13,360.02,364.91,369.80,374.69,379.58,384.47,389.36,394.25,399.14,404.03,408.92,413.81,418.70,423.60,428.49,433.38,438.28,443.18,448.07,452.97,457.86,462.76,467.65,472.54,477.43,482.32,487.21,492.10,496.99,501.88,506.77,511.66,516.55,521.44,526.33,531.22,536.11,541.00,545.89,550.78,555.67,560.56,565.45,570.35,575.24,580.14,585.03,589.93,594.82,599.72,604.61,609.51,614.40,619.29,624.18,629.07,633.96,638.85,643.74,648.63,653.52,658.41,663.30,668.20,673.09,677.99,682.88,687.77,692.67,697.56,702.46,707.36,712.25,717.14,722.03,726.92,731.81,736.70,741.59,746.48,751.37,756.26,761.15,766.04,770.93,775.82,780.71,785.60,790.49,795.38,800.27,805.16,810.05,814.95,819.84,824.74,829.63,834.52,839.42,844.31,849.21,854.11,859.00,
 Segment Global,208.69,208.57,208.45,208.32,208.15,207.95,207.68,207.33,206.89,206.34,205.66,204.85,203.91,202.84,201.65,200.35,198.94,197.42,195.80,194.07,192.26,190.34,188.31,186.20,184.01,181.75,179.45,177.11,174.74,172.36,169.99,167.62,165.26,162.91,160.56,158.23,155.91,153.61,151.33,149.07,146.84,144.63,142.47,140.33,138.23,136.17,134.14,132.16,130.21,128.30,126.43,124.60,122.82,121.08,119.39,117.75,116.16,114.62,113.13,111.69,110.31,108.97,107.68,106.44,105.27,104.16,103.12,102.15,101.26,100.46, 99.74, 99.13, 98.62, 98.21, 97.87, 97.59, 97.36, 97.17, 96.99, 96.83, 96.65, 96.44, 96.22, 96.00, 95.82, 95.71, 95.71, 95.84, 96.13, 96.62, 97.33, 98.28, 99.45,100.80,102.32,103.97,105.72,107.55,109.43,111.34,113.24,115.14,117.05,118.97,120.88,122.80,124.71,126.60,128.48,130.33,132.16,133.96,135.72,137.44,139.12,140.76,142.36,143.92,145.44,146.92,148.35,149.75,151.12,152.45,153.74,154.98,156.18,157.33,158.42,159.46,160.43,161.33,162.15,162.92,163.67,164.44,165.25,166.13,167.11,168.23,169.51,170.96,172.55,174.27,176.10,178.02,180.01,182.06,184.14,186.24,188.35,190.48,192.65,194.82,196.96,199.04,201.01,202.84,204.49,205.93,207.13,208.06,208.75,209.23,209.54,209.70,209.76,209.74,209.68,209.60,209.55,


