Timing Information
==========================================================
Clip Duration,1102.83,ms
Average RR Duration,1052.63,ms
Enddiastolic frame time,16.5205,ms
Endsystolic  frame time,353.808,ms
Reference time,16.5205,ms
Trigger time,-1.79769e+308,ms



Results
==========================================================
Global
----------------------------------------------------------
EDV,99.63,ml
ESV,38.63,ml
SV,61.00,ml
EF,61.23,%

2D
----------------------------------------------------------
RVDd base (RVD1),24.62,mm
RVDd mid (RVD2),33.49,mm
RVLd (RVD3),76.90,mm
TAPSE,19.42,mm
FAC,50.50,%
RVLS (Septum),-22.91,%
RVLS (Freewall),-27.52,%

Curves
==========================================================
Global
Global
Unit [ml]
Time [ ms],  0.00, 13.62, 27.24, 40.85, 54.47, 68.09, 81.71, 95.33,108.95,122.56,136.18,138.15,140.11,142.08,144.05,146.01,147.98,149.94,151.91,153.87,155.84,157.80,159.77,161.74,163.70,165.67,167.63,169.60,171.56,173.53,175.50,177.46,179.43,181.39,183.36,185.32,187.29,189.25,191.22,193.19,195.15,197.12,199.08,201.05,203.01,204.98,206.94,208.91,210.88,212.84,214.81,216.77,218.74,220.70,222.67,224.64,226.60,228.57,230.53,232.50,234.46,236.43,238.39,240.36,242.33,244.29,246.26,248.22,250.19,252.15,254.12,256.08,258.05,260.02,261.98,263.95,265.91,267.88,269.84,271.81,273.78,275.74,277.71,279.67,281.64,283.60,285.57,287.53,289.50,291.47,293.43,295.40,297.36,299.33,301.29,303.26,305.22,307.19,309.16,311.12,313.09,315.05,317.02,318.98,320.95,322.92,324.88,326.85,328.81,330.78,332.74,334.71,336.67,338.64,340.61,342.57,344.54,346.50,348.47,350.43,352.40,354.36,356.33,358.30,360.26,362.23,364.19,366.16,368.12,370.09,372.06,374.02,375.99,377.95,379.92,381.88,383.85,385.81,387.78,389.75,391.71,393.68,395.64,397.61,399.57,401.54,403.50,405.47,407.44,409.40,411.37,413.33,415.30,417.26,419.23,421.20,423.16,425.13,427.09,429.06,431.02,432.99,434.95,436.92,438.89,440.85,442.82,444.78,446.75,448.71,450.68,452.64,454.61,456.58,458.54,460.51,462.47,464.44,466.40,468.37,470.34,472.30,474.27,476.23,478.20,480.16,482.13,484.09,486.06,488.03,489.99,491.96,493.92,495.89,497.85,499.82,501.78,503.75,505.72,507.68,509.65,511.61,513.58,515.54,517.51,519.47,521.44,523.41,525.37,527.34,529.30,531.27,533.23,535.20,537.17,539.13,541.10,543.06,545.03,546.99,548.96,550.92,552.89,554.86,556.82,558.79,560.75,562.72,564.68,566.65,568.62,570.58,572.55,574.51,576.48,578.44,580.41,582.37,584.34,586.31,588.27,590.24,592.20,594.17,596.13,598.10,600.06,602.03,604.00,605.96,607.93,609.89,611.86,613.82,615.79,617.75,619.72,621.69,623.65,625.62,627.58,629.55,631.51,633.48,635.45,637.41,639.38,641.34,643.31,645.27,647.24,649.20,651.17,653.14,655.10,657.07,659.03,661.00,662.96,664.93,666.89,668.86,670.83,672.79,674.76,676.72,678.69,680.65,682.62,684.59,686.55,688.52,690.48,692.45,694.41,696.38,698.34,700.31,702.28,704.24,706.21,708.17,710.14,712.10,714.07,716.03,718.00,719.97,721.93,723.90,725.86,727.83,729.79,731.76,733.73,735.69,737.66,739.62,741.59,743.55,745.52,747.48,749.45,751.42,753.38,755.35,757.31,759.28,761.24,763.21,765.18,767.14,769.11,771.07,773.04,775.00,776.97,778.93,780.90,782.87,784.83,786.80,788.76,790.73,792.69,794.66,796.62,798.59,800.56,802.52,804.49,806.45,808.42,810.38,812.35,814.31,816.28,818.25,820.21,822.18,824.14,826.11,828.07,830.04,832.01,833.97,835.94,837.90,839.87,841.83,843.80,845.76,847.73,849.70,851.66,853.63,855.59,857.56,859.52,861.49,863.46,865.42,867.39,869.35,871.32,873.28,875.25,877.21,879.18,881.15,883.11,885.08,887.04,889.01,890.97,892.94,894.90,896.87,898.84,900.80,902.77,904.73,906.70,908.66,910.63,912.60,914.56,916.53,918.49,920.46,922.42,924.39,926.35,928.32,930.29,932.25,934.22,936.18,938.15,940.11,942.08,944.04,946.01,947.98,949.94,951.91,953.87,955.84,957.80,959.77,961.74,963.70,965.67,967.63,969.60,971.56,973.53,975.49,977.46,979.43,981.39,983.36,985.32,987.29,989.25,991.22,993.18,995.15,997.12,999.08,1001.05,1003.01,1004.98,1006.94,1008.91,1010.88,1012.84,1014.81,1016.77,1018.74,1020.70,1022.67,1024.63,1026.60,1028.57,1030.53,1032.50,1034.46,1036.43,1038.39,1040.36,1042.32,1044.29,1046.26,1048.22,1050.19,1052.15,1054.12,1056.08,1058.05,1060.02,1061.98,1063.95,1065.91,1067.88,1069.84,1071.81,1073.77,1075.74,1077.71,1079.67,1081.64,1083.60,1085.57,1087.53,1089.50,1091.46,1093.43,1095.40,1097.36,1099.33,
 Segment Global, 99.63, 98.53, 97.44, 96.36, 95.28, 94.20, 93.12, 92.03, 90.94, 89.85, 88.74, 87.62, 86.48, 85.34, 84.21, 83.12, 82.08, 81.10, 80.21, 79.42, 78.74, 78.19, 77.75, 77.41, 77.16, 76.98, 76.86, 76.79, 76.76, 76.75, 76.76, 76.78, 76.82, 76.89, 76.96, 77.04, 77.11, 77.17, 77.22, 77.24, 77.23, 77.19, 77.11, 77.00, 76.86, 76.70, 76.51, 76.32, 76.11, 75.89, 75.67, 75.44, 75.20, 74.94, 74.68, 74.42, 74.15, 73.88, 73.62, 73.36, 73.11, 72.88, 72.66, 72.44, 72.23, 72.00, 71.76, 71.50, 71.20, 70.86, 70.48, 70.05, 69.57, 69.05, 68.50, 67.93, 67.33, 66.73, 66.12, 65.51, 64.91, 64.32, 63.73, 63.14, 62.56, 61.99, 61.42, 60.85, 60.29, 59.73, 59.18, 58.63, 58.10, 57.57, 57.05, 56.53, 56.03, 55.54, 55.05, 54.57, 54.10, 53.65, 53.20, 52.76, 52.33, 51.91, 51.50, 51.10, 50.71, 50.32, 49.95, 49.58, 49.22, 48.87, 48.53, 48.19, 47.87, 47.55, 47.24, 46.95, 46.66, 46.38, 46.11, 45.85, 45.60, 45.35, 45.11, 44.89, 44.66, 44.45, 44.23, 44.03, 43.83, 43.64, 43.45, 43.27, 43.09, 42.91, 42.74, 42.57, 42.40, 42.23, 42.07, 41.90, 41.74, 41.59, 41.43, 41.28, 41.13, 40.99, 40.85, 40.72, 40.59, 40.47, 40.35, 40.23, 40.11, 40.00, 39.90, 39.79, 39.69, 39.58, 39.48, 39.39, 39.29, 39.20, 39.12, 39.04, 38.97, 38.90, 38.84, 38.79, 38.74, 38.70, 38.67, 38.65, 38.63, 38.63, 38.64, 38.65, 38.68, 38.72, 38.78, 38.84, 38.92, 39.01, 39.11, 39.21, 39.33, 39.45, 39.58, 39.72, 39.87, 40.03, 40.19, 40.37, 40.55, 40.75, 40.95, 41.17, 41.40, 41.64, 41.89, 42.15, 42.42, 42.71, 43.00, 43.31, 43.62, 43.95, 44.29, 44.64, 45.00, 45.37, 45.75, 46.14, 46.53, 46.94, 47.36, 47.79, 48.22, 48.67, 49.12, 49.58, 50.04, 50.51, 50.98, 51.46, 51.94, 52.42, 52.90, 53.38, 53.86, 54.34, 54.82, 55.30, 55.76, 56.22, 56.66, 57.09, 57.50, 57.90, 58.28, 58.64, 59.00, 59.34, 59.68, 60.02, 60.35, 60.68, 61.02, 61.35, 61.69, 62.02, 62.36, 62.71, 63.07, 63.44, 63.83, 64.23, 64.66, 65.10, 65.57, 66.05, 66.55, 67.06, 67.58, 68.11, 68.65, 69.19, 69.74, 70.29, 70.85, 71.41, 71.97, 72.52, 73.07, 73.61, 74.14, 74.65, 75.14, 75.62, 76.07, 76.50, 76.92, 77.32, 77.71, 78.07, 78.43, 78.77, 79.09, 79.40, 79.70, 79.98, 80.25, 80.50, 80.73, 80.95, 81.15, 81.33, 81.50, 81.65, 81.78, 81.89, 81.99, 82.08, 82.15, 82.21, 82.26, 82.30, 82.33, 82.35, 82.36, 82.37, 82.36, 82.35, 82.34, 82.32, 82.29, 82.27, 82.24, 82.22, 82.19, 82.16, 82.13, 82.10, 82.07, 82.03, 81.99, 81.94, 81.89, 81.83, 81.76, 81.69, 81.62, 81.54, 81.46, 81.38, 81.29, 81.20, 81.10, 81.01, 80.91, 80.80, 80.70, 80.59, 80.48, 80.38, 80.27, 80.16, 80.05, 79.94, 79.83, 79.72, 79.61, 79.50, 79.40, 79.29, 79.20, 79.10, 79.01, 78.92, 78.84, 78.76, 78.69, 78.61, 78.55, 78.48, 78.41, 78.35, 78.29, 78.23, 78.17, 78.12, 78.06, 78.01, 77.96, 77.90, 77.85, 77.80, 77.75, 77.69, 77.64, 77.59, 77.53, 77.48, 77.43, 77.38, 77.33, 77.28, 77.23, 77.18, 77.14, 77.09, 77.05, 77.01, 76.97, 76.94, 76.90, 76.88, 76.85, 76.83, 76.81, 76.80, 76.79, 76.78, 76.78, 76.78, 76.78, 76.79, 76.79, 76.80, 76.81, 76.82, 76.84, 76.86, 76.88, 76.90, 76.93, 76.95, 76.98, 77.01, 77.05, 77.08, 77.12, 77.17, 77.21, 77.26, 77.31, 77.37, 77.43, 77.50, 77.57, 77.65, 77.73, 77.82, 77.92, 78.02, 78.14, 78.26, 78.40, 78.54, 78.70, 78.87, 79.04, 79.23, 79.43, 79.65, 79.87, 80.11, 80.36, 80.62, 80.90, 81.18, 81.48, 81.79, 82.11, 82.45, 82.79, 83.15, 83.51, 83.89, 84.29, 84.69, 85.10, 85.51, 85.93, 86.35, 86.76, 87.18, 87.58, 87.98, 88.37, 88.75, 89.13, 89.50, 89.88, 90.27, 90.66, 91.07, 91.49, 91.92, 92.38, 92.84, 93.30, 93.77, 94.23, 94.68, 95.12, 95.53, 95.93, 96.29, 96.63, 96.96, 97.26, 97.56, 97.84, 98.12, 98.39, 98.67, 98.94,


