Timing Information
==========================================================
Clip Duration,1079,ms
Average RR Duration,1079,ms
Enddiastolic frame time,949.755,ms
Endsystolic  frame time,408.99,ms
Reference time,1.418,ms
Trigger time,1.418,ms



Results
==========================================================
Global
----------------------------------------------------------
EDV,192.45,ml
EDVi,98.36,ml/m²
ESV,79.45,ml
ESVi,40.60,ml/m²
SV,113.00,ml
EF,58.72,%

2D
----------------------------------------------------------
RVDd base (RVD1),31.73,mm
RVDd mid (RVD2),39.69,mm
RVLd (RVD3),93.25,mm
TAPSE,22.00,mm
FAC,43.54,%
RVLS (Septum),-27.46,%
RVLS (Freewall),-25.81,%

Curves
==========================================================
Global
Global
Unit [ml]
Time [ ms],  0.00,  6.78, 13.56, 20.34, 27.11, 33.89, 40.67, 47.45, 54.23, 61.01, 67.78, 71.79, 75.80, 79.81, 83.82, 87.83, 91.84, 95.85, 99.86,103.86,107.87,111.88,115.89,119.90,123.91,127.92,131.93,135.94,139.94,143.95,147.96,151.97,155.98,159.99,164.00,168.01,172.02,176.03,180.03,184.04,188.05,192.06,196.07,200.08,204.09,208.10,212.11,216.12,220.12,224.13,228.14,232.15,236.16,240.17,244.18,248.19,252.20,256.20,260.21,264.22,268.23,272.24,276.25,280.26,284.27,288.28,292.29,296.29,300.30,304.31,308.32,312.33,316.34,320.35,324.36,328.37,332.37,336.38,340.39,344.40,348.41,352.42,356.43,360.44,364.45,368.46,372.46,376.47,380.48,384.49,388.50,392.51,396.52,400.53,404.54,408.55,412.55,416.56,420.57,424.58,428.59,432.60,436.61,440.62,444.63,448.63,452.64,456.65,460.66,464.67,468.68,472.69,476.70,480.71,484.72,488.72,492.73,496.74,500.75,504.76,508.77,512.78,516.79,520.80,524.81,528.81,532.82,536.83,540.84,544.85,548.86,552.87,556.88,560.89,564.89,568.90,572.91,576.92,580.93,584.94,588.95,592.96,596.97,600.98,604.98,608.99,613.00,617.01,621.02,625.03,629.04,633.05,637.06,641.06,645.07,649.08,653.09,657.10,661.11,665.12,669.13,673.14,677.15,681.15,685.16,689.17,693.18,697.19,701.20,705.21,709.22,713.23,717.24,721.24,725.25,729.26,733.27,737.28,741.29,745.30,749.31,753.32,757.32,761.33,765.34,769.35,773.36,777.37,781.38,785.39,789.40,793.41,797.41,801.42,805.43,809.44,813.45,817.46,821.47,825.48,829.49,833.50,837.50,841.51,845.52,849.53,853.54,857.55,861.56,865.57,869.58,873.58,877.59,881.60,885.61,889.62,893.63,897.64,901.65,905.66,909.66,913.67,917.68,921.69,925.70,929.71,933.72,937.73,941.74,945.75,949.75,953.76,957.77,961.78,965.79,969.80,973.81,977.82,981.83,985.84,989.84,993.85,997.86,1001.87,1005.88,1009.89,1013.90,1017.91,1021.92,1025.92,1029.93,1033.94,1037.95,1041.96,1045.97,1049.98,1053.99,1058.00,1062.01,1066.02,1070.02,
 Segment Global,176.37,175.54,174.72,173.90,173.07,172.21,171.32,170.40,169.42,168.39,167.29,166.11,164.87,163.56,162.20,160.80,159.37,157.93,156.48,155.03,153.60,152.20,150.80,149.41,148.03,146.66,145.28,143.89,142.50,141.09,139.67,138.23,136.79,135.33,133.87,132.42,130.97,129.53,128.11,126.71,125.34,123.99,122.68,121.38,120.11,118.85,117.61,116.38,115.16,113.95,112.74,111.54,110.35,109.16,107.98,106.82,105.66,104.52,103.39,102.28,101.18,100.09, 99.01, 97.95, 96.91, 95.89, 94.90, 93.92, 92.98, 92.07, 91.19, 90.34, 89.53, 88.75, 88.01, 87.30, 86.61, 85.95, 85.31, 84.70, 84.10, 83.53, 82.98, 82.46, 81.97, 81.52, 81.10, 80.73, 80.40, 80.11, 79.87, 79.69, 79.55, 79.47, 79.45, 79.50, 79.63, 79.83, 80.12, 80.51, 80.99, 81.57, 82.24, 83.01, 83.88, 84.86, 85.95, 87.17, 88.51, 89.99, 91.60, 93.36, 95.26, 97.28, 99.41,101.63,103.93,106.31,108.73,111.20,113.70,116.22,118.77,121.33,123.90,126.47,129.02,131.55,134.05,136.50,138.89,141.23,143.52,145.74,147.88,149.94,151.91,153.77,155.53,157.16,158.66,160.01,161.23,162.32,163.29,164.18,164.97,165.70,166.38,167.01,167.62,168.21,168.76,169.28,169.76,170.21,170.63,171.02,171.37,171.68,171.97,172.22,172.44,172.64,172.82,172.97,173.10,173.21,173.29,173.36,173.40,173.43,173.44,173.44,173.43,173.40,173.37,173.33,173.29,173.25,173.20,173.15,173.10,173.05,173.01,172.98,172.98,173.00,173.06,173.15,173.29,173.47,173.71,173.98,174.29,174.63,175.01,175.41,175.82,176.26,176.71,177.16,177.62,178.09,178.58,179.10,179.64,180.22,180.83,181.50,182.21,182.99,183.82,184.68,185.56,186.44,187.30,188.13,188.91,189.62,190.25,190.78,191.24,191.62,191.93,192.17,192.33,192.42,192.45,192.41,192.31,192.13,191.89,191.59,191.23,190.82,190.37,189.89,189.38,188.85,188.30,187.74,187.16,186.57,185.98,185.40,184.83,184.30,183.80,183.35,182.95,182.61,182.34,182.11,181.92,181.76,181.63,181.52,181.42,181.31,181.21,


