Timing Information
==========================================================
Clip Duration,1181.41,ms
Average RR Duration,1144.08,ms
Enddiastolic frame time,12.9512,ms
Endsystolic  frame time,334.925,ms
Reference time,12.9512,ms
Trigger time,-1.79769e+308,ms



Results
==========================================================
Global
----------------------------------------------------------
EDV,90.39,ml
ESV,35.21,ml
SV,55.18,ml
EF,61.04,%

2D
----------------------------------------------------------
RVDd base (RVD1),19.61,mm
RVDd mid (RVD2),32.20,mm
RVLd (RVD3),76.59,mm
TAPSE,25.35,mm
FAC,50.83,%
RVLS (Septum),-15.04,%
RVLS (Freewall),-31.15,%

Curves
==========================================================
Global
Global
Unit [ml]
Time [ ms],  0.00,  6.95, 13.91, 20.86, 27.81, 34.76, 41.72, 48.67, 55.62, 62.58, 69.53, 71.92, 74.31, 76.71, 79.10, 81.49, 83.88, 86.27, 88.67, 91.06, 93.45, 95.84, 98.24,100.63,103.02,105.41,107.81,110.20,112.59,114.98,117.38,119.77,122.16,124.55,126.94,129.34,131.73,134.12,136.51,138.91,141.30,143.69,146.08,148.47,150.87,153.26,155.65,158.04,160.44,162.83,165.22,167.61,170.01,172.40,174.79,177.18,179.57,181.97,184.36,186.75,189.14,191.54,193.93,196.32,198.71,201.11,203.50,205.89,208.28,210.68,213.07,215.46,217.85,220.24,222.64,225.03,227.42,229.81,232.21,234.60,236.99,239.38,241.78,244.17,246.56,248.95,251.34,253.74,256.13,258.52,260.91,263.31,265.70,268.09,270.48,272.88,275.27,277.66,280.05,282.44,284.84,287.23,289.62,292.01,294.41,296.80,299.19,301.58,303.98,306.37,308.76,311.15,313.54,315.94,318.33,320.72,323.11,325.51,327.90,330.29,332.68,335.08,337.47,339.86,342.25,344.65,347.04,349.43,351.82,354.21,356.61,359.00,361.39,363.78,366.18,368.57,370.96,373.35,375.75,378.14,380.53,382.92,385.31,387.71,390.10,392.49,394.88,397.28,399.67,402.06,404.45,406.85,409.24,411.63,414.02,416.41,418.81,421.20,423.59,425.98,428.38,430.77,433.16,435.55,437.95,440.34,442.73,445.12,447.52,449.91,452.30,454.69,457.08,459.48,461.87,464.26,466.65,469.05,471.44,473.83,476.22,478.62,481.01,483.40,485.79,488.18,490.58,492.97,495.36,497.75,500.15,502.54,504.93,507.32,509.72,512.11,514.50,516.89,519.28,521.68,524.07,526.46,528.85,531.25,533.64,536.03,538.42,540.82,543.21,545.60,547.99,550.38,552.78,555.17,557.56,559.95,562.35,564.74,567.13,569.52,571.92,574.31,576.70,579.09,581.49,583.88,586.27,588.66,591.05,593.45,595.84,598.23,600.62,603.02,605.41,607.80,610.19,612.59,614.98,617.37,619.76,622.15,624.55,626.94,629.33,631.72,634.12,636.51,638.90,641.29,643.69,646.08,648.47,650.86,653.25,655.65,658.04,660.43,662.82,665.22,667.61,670.00,672.39,674.79,677.18,679.57,681.96,684.35,686.75,689.14,691.53,693.92,696.32,698.71,701.10,703.49,705.89,708.28,710.67,713.06,715.46,717.85,720.24,722.63,725.02,727.42,729.81,732.20,734.59,736.99,739.38,741.77,744.16,746.55,748.95,751.34,753.73,756.12,758.52,760.91,763.30,765.69,768.09,770.48,772.87,775.26,777.65,780.05,782.44,784.83,787.22,789.62,792.01,794.40,796.79,799.19,801.58,803.97,806.36,808.76,811.15,813.54,815.93,818.32,820.72,823.11,825.50,827.89,830.29,832.68,835.07,837.46,839.86,842.25,844.64,847.03,849.42,851.82,854.21,856.60,858.99,861.39,863.78,866.17,868.56,870.96,873.35,875.74,878.13,880.52,882.92,885.31,887.70,890.09,892.49,894.88,897.27,899.66,902.06,904.45,906.84,909.23,911.62,914.02,916.41,918.80,921.19,923.59,925.98,928.37,930.76,933.16,935.55,937.94,940.33,942.73,945.12,947.51,949.90,952.29,954.69,957.08,959.47,961.86,964.26,966.65,969.04,971.43,973.83,976.22,978.61,981.00,983.39,985.79,988.18,990.57,992.96,995.36,997.75,1000.14,1002.53,1004.93,1007.32,1009.71,1012.10,1014.49,1016.89,1019.28,1021.67,1024.06,1026.46,1028.85,1031.24,1033.63,1036.03,1038.42,1040.81,1043.20,1045.60,1047.99,1050.38,1052.77,1055.16,1057.56,1059.95,1062.34,1064.73,1067.13,1069.52,1071.91,1074.30,1076.70,1079.09,1081.48,1083.87,1086.26,1088.66,1091.05,1093.44,1095.83,1098.23,1100.62,1103.01,1105.40,1107.80,1110.19,1112.58,1114.97,1117.36,1119.76,1122.15,1124.54,1126.93,1129.33,1131.72,1134.11,1136.50,1138.90,1141.29,1143.68,1146.07,1148.46,1150.86,1153.25,1155.64,1158.03,1160.43,1162.82,1165.21,1167.60,1170.00,
 Segment Global, 90.39, 89.86, 89.33, 88.81, 88.28, 87.75, 87.22, 86.68, 86.12, 85.56, 84.97, 84.37, 83.76, 83.13, 82.49, 81.86, 81.23, 80.62, 80.03, 79.46, 78.93, 78.43, 77.96, 77.52, 77.10, 76.70, 76.31, 75.93, 75.56, 75.19, 74.83, 74.46, 74.09, 73.72, 73.36, 72.99, 72.61, 72.23, 71.84, 71.43, 71.02, 70.59, 70.15, 69.70, 69.23, 68.76, 68.27, 67.78, 67.29, 66.79, 66.29, 65.78, 65.28, 64.76, 64.25, 63.73, 63.22, 62.71, 62.20, 61.70, 61.20, 60.70, 60.22, 59.74, 59.26, 58.79, 58.32, 57.86, 57.39, 56.93, 56.47, 56.01, 55.55, 55.10, 54.64, 54.19, 53.74, 53.30, 52.86, 52.43, 52.00, 51.58, 51.16, 50.75, 50.34, 49.94, 49.55, 49.15, 48.76, 48.38, 48.00, 47.62, 47.24, 46.87, 46.50, 46.13, 45.78, 45.43, 45.09, 44.76, 44.45, 44.14, 43.85, 43.57, 43.29, 43.03, 42.76, 42.51, 42.25, 42.00, 41.75, 41.50, 41.25, 41.01, 40.76, 40.52, 40.27, 40.02, 39.77, 39.52, 39.26, 39.00, 38.74, 38.47, 38.20, 37.94, 37.68, 37.42, 37.17, 36.93, 36.70, 36.48, 36.26, 36.06, 35.87, 35.70, 35.55, 35.42, 35.32, 35.25, 35.21, 35.21, 35.25, 35.31, 35.41, 35.53, 35.67, 35.83, 36.02, 36.21, 36.42, 36.64, 36.88, 37.12, 37.38, 37.65, 37.93, 38.21, 38.50, 38.80, 39.10, 39.40, 39.71, 40.02, 40.33, 40.64, 40.95, 41.25, 41.54, 41.83, 42.10, 42.36, 42.61, 42.85, 43.08, 43.30, 43.52, 43.74, 43.95, 44.17, 44.39, 44.61, 44.84, 45.06, 45.29, 45.51, 45.74, 45.96, 46.18, 46.41, 46.63, 46.85, 47.07, 47.29, 47.51, 47.72, 47.91, 48.09, 48.24, 48.38, 48.48, 48.56, 48.61, 48.64, 48.65, 48.65, 48.63, 48.61, 48.59, 48.57, 48.55, 48.54, 48.53, 48.52, 48.52, 48.54, 48.57, 48.62, 48.70, 48.80, 48.94, 49.10, 49.30, 49.53, 49.78, 50.07, 50.37, 50.70, 51.05, 51.41, 51.80, 52.20, 52.62, 53.06, 53.51, 53.97, 54.44, 54.92, 55.39, 55.86, 56.33, 56.78, 57.24, 57.68, 58.12, 58.55, 58.98, 59.40, 59.81, 60.21, 60.61, 61.01, 61.39, 61.77, 62.14, 62.49, 62.84, 63.18, 63.50, 63.82, 64.13, 64.42, 64.70, 64.97, 65.23, 65.48, 65.71, 65.93, 66.14, 66.33, 66.51, 66.68, 66.83, 66.97, 67.10, 67.21, 67.30, 67.39, 67.45, 67.50, 67.54, 67.56, 67.57, 67.56, 67.54, 67.51, 67.46, 67.40, 67.32, 67.24, 67.14, 67.03, 66.91, 66.78, 66.64, 66.49, 66.33, 66.16, 65.99, 65.81, 65.62, 65.43, 65.24, 65.04, 64.84, 64.63, 64.43, 64.22, 64.01, 63.80, 63.60, 63.39, 63.19, 62.99, 62.79, 62.60, 62.41, 62.23, 62.07, 61.91, 61.77, 61.65, 61.54, 61.44, 61.35, 61.27, 61.20, 61.14, 61.08, 61.02, 60.96, 60.90, 60.84, 60.79, 60.73, 60.68, 60.62, 60.56, 60.50, 60.43, 60.36, 60.28, 60.20, 60.11, 60.01, 59.92, 59.83, 59.73, 59.64, 59.55, 59.47, 59.39, 59.31, 59.24, 59.18, 59.12, 59.06, 59.02, 58.98, 58.96, 58.95, 58.95, 58.96, 58.98, 59.01, 59.05, 59.09, 59.14, 59.20, 59.25, 59.31, 59.37, 59.44, 59.50, 59.57, 59.63, 59.70, 59.75, 59.80, 59.85, 59.88, 59.90, 59.91, 59.91, 59.91, 59.91, 59.90, 59.90, 59.90, 59.91, 59.93, 59.96, 60.00, 60.05, 60.11, 60.18, 60.27, 60.37, 60.49, 60.63, 60.78, 60.96, 61.15, 61.37, 61.61, 61.87, 62.15, 62.45, 62.77, 63.11, 63.47, 63.86, 64.26, 64.68, 65.12, 65.59, 66.08, 66.61, 67.15, 67.73, 68.34, 68.99, 69.66, 70.36, 71.08, 71.82, 72.56, 73.32, 74.07, 74.82, 75.57, 76.30, 77.03, 77.75, 78.46, 79.15, 79.83, 80.47, 81.10, 81.69, 82.24, 82.76, 83.24, 83.68, 84.10, 84.48, 84.85, 85.19, 85.52, 85.83, 86.14, 86.43, 86.72, 86.99, 87.25, 87.50, 87.73, 87.94, 88.13, 88.29, 88.44, 88.56, 88.66, 88.74, 88.80, 88.85, 88.90, 88.93, 88.96, 88.99, 89.02,


