Timing Information
==========================================================
Clip Duration,917.125,ms
Average RR Duration,895.522,ms
Enddiastolic frame time,25.1613,ms
Endsystolic  frame time,394.161,ms
Reference time,25.1613,ms
Trigger time,25.2,ms



Results
==========================================================
Global
----------------------------------------------------------
EDV,70.56,ml
ESV,26.03,ml
SV,44.53,ml
EF,63.11,%

2D
----------------------------------------------------------
RVDd base (RVD1),19.37,mm
RVDd mid (RVD2),28.32,mm
RVLd (RVD3),74.40,mm
TAPSE,20.37,mm
FAC,57.68,%
RVLS (Septum),-21.70,%
RVLS (Freewall),-30.01,%

Curves
==========================================================
Global
Global
Unit [ml]
Time [ ms],  0.00,  4.89,  9.78, 14.67, 19.56, 24.45, 29.34, 34.23, 39.12, 44.01, 48.90, 55.75, 62.59, 69.44, 76.28, 83.13, 89.97, 96.81,103.66,110.51,117.35,122.24,127.13,132.02,136.91,141.80,146.69,151.58,156.47,161.36,166.25,171.14,176.04,180.94,185.83,190.73,195.62,200.52,205.41,210.31,215.20,220.09,224.98,229.87,234.76,239.65,244.54,249.43,254.32,259.21,264.10,268.99,273.88,278.77,283.66,288.55,293.44,298.33,303.22,308.11,313.00,317.89,322.79,327.69,332.58,337.48,342.37,347.27,352.16,357.06,361.95,366.84,371.73,376.62,381.51,386.40,391.29,396.18,401.07,405.96,410.85,415.75,420.64,425.53,430.43,435.33,440.22,445.12,450.01,454.90,459.80,464.69,469.58,474.47,479.36,484.25,489.14,494.03,498.92,503.81,508.70,513.59,518.48,523.37,528.26,533.15,538.04,542.93,547.82,552.71,557.60,562.50,567.39,572.28,577.18,582.08,586.97,591.87,596.76,601.66,606.55,611.44,616.33,621.22,626.11,631.00,635.89,640.78,645.67,650.56,655.45,660.34,665.23,670.12,675.01,679.90,684.79,689.68,694.57,699.46,704.35,709.25,714.14,719.04,723.93,728.83,733.72,738.62,743.51,748.41,753.30,758.19,763.08,767.97,772.86,777.75,782.64,787.53,792.42,797.31,802.20,807.09,811.98,816.87,821.76,826.65,831.54,836.43,841.32,846.21,851.10,856.00,860.89,865.78,870.68,875.58,880.47,885.37,890.26,895.16,900.05,
 Segment Global, 70.56, 69.82, 69.07, 68.33, 67.59, 66.85, 66.13, 65.42, 64.73, 64.05, 63.40, 62.78, 62.18, 61.59, 61.03, 60.48, 59.94, 59.41, 58.88, 58.35, 57.82, 57.28, 56.74, 56.20, 55.65, 55.11, 54.57, 54.03, 53.49, 52.96, 52.43, 51.92, 51.41, 50.90, 50.39, 49.87, 49.33, 48.78, 48.21, 47.61, 46.97, 46.30, 45.60, 44.87, 44.12, 43.35, 42.58, 41.79, 41.01, 40.22, 39.45, 38.68, 37.92, 37.16, 36.42, 35.69, 34.98, 34.30, 33.64, 33.00, 32.40, 31.84, 31.31, 30.81, 30.35, 29.92, 29.51, 29.13, 28.77, 28.43, 28.12, 27.82, 27.55, 27.31, 27.09, 26.89, 26.72, 26.57, 26.44, 26.33, 26.24, 26.16, 26.09, 26.04, 26.03, 26.06, 26.14, 26.30, 26.53, 26.85, 27.28, 27.82, 28.45, 29.17, 29.96, 30.81, 31.70, 32.63, 33.58, 34.53, 35.48, 36.42, 37.36, 38.29, 39.21, 40.12, 41.00, 41.85, 42.67, 43.46, 44.19, 44.88, 45.53, 46.14, 46.69, 47.20, 47.65, 48.04, 48.37, 48.64, 48.84, 48.96, 49.01, 49.00, 48.94, 48.86, 48.76, 48.67, 48.61, 48.58, 48.61, 48.71, 48.86, 49.06, 49.29, 49.54, 49.80, 50.06, 50.30, 50.52, 50.69, 50.83, 50.93, 51.02, 51.09, 51.14, 51.19, 51.23, 51.27, 51.31, 51.36, 51.42, 51.48, 51.56, 51.65, 51.75, 51.89, 52.05, 52.26, 52.50, 52.79, 53.13, 53.50, 53.93, 54.40, 54.93, 55.51, 56.15, 56.85, 57.62, 58.46, 59.38, 60.36, 61.39, 62.48, 63.61, 64.78, 65.97, 67.17, 68.38, 69.59,


