Timing Information
==========================================================
Clip Duration,862,ms
Average RR Duration,862,ms
Enddiastolic frame time,8.578,ms
Endsystolic  frame time,389.4,ms
Reference time,8.578,ms
Trigger time,8.578,ms



Results
==========================================================
Global
----------------------------------------------------------
EDV,61.76,ml
ESV,26.61,ml
SV,35.14,ml
EF,56.90,%

2D
----------------------------------------------------------
RVDd base (RVD1),19.82,mm
RVDd mid (RVD2),30.45,mm
RVLd (RVD3),74.51,mm
TAPSE,23.47,mm
FAC,44.26,%
RVLS (Septum),-17.64,%
RVLS (Freewall),-27.99,%

Curves
==========================================================
Global
Global
Unit [ml]
Time [ ms],  0.00,  4.47,  8.93, 13.40, 17.87, 22.33, 26.80, 31.26, 35.73, 40.20, 44.66, 46.96, 49.26, 51.56, 53.86, 56.15, 58.45, 60.75, 63.05, 65.35, 67.65, 69.94, 72.24, 74.54, 76.84, 79.14, 81.44, 83.73, 86.03, 88.33, 90.63, 92.93, 95.22, 97.52, 99.82,102.12,104.42,106.72,109.01,111.31,113.61,115.91,118.21,120.51,122.80,125.10,127.40,129.70,132.00,134.29,136.59,138.89,141.19,143.49,145.79,148.08,150.38,152.68,154.98,157.28,159.58,161.87,164.17,166.47,168.77,171.07,173.37,175.66,177.96,180.26,182.56,184.86,187.15,189.45,191.75,194.05,196.35,198.65,200.94,203.24,205.54,207.84,210.14,212.43,214.73,217.03,219.33,221.63,223.93,226.22,228.52,230.82,233.12,235.42,237.72,240.01,242.31,244.61,246.91,249.21,251.50,253.80,256.10,258.40,260.70,263.00,265.29,267.59,269.89,272.19,274.49,276.79,279.08,281.38,283.68,285.98,288.28,290.58,292.87,295.17,297.47,299.77,302.07,304.36,306.66,308.96,311.26,313.56,315.86,318.15,320.45,322.75,325.05,327.35,329.65,331.94,334.24,336.54,338.84,341.14,343.44,345.73,348.03,350.33,352.63,354.93,357.22,359.52,361.82,364.12,366.42,368.72,371.01,373.31,375.61,377.91,380.21,382.51,384.80,387.10,389.40,391.70,394.00,396.29,398.59,400.89,403.19,405.49,407.79,410.08,412.38,414.68,416.98,419.28,421.57,423.87,426.17,428.47,430.77,433.07,435.36,437.66,439.96,442.26,444.56,446.86,449.15,451.45,453.75,456.05,458.35,460.65,462.94,465.24,467.54,469.84,472.14,474.43,476.73,479.03,481.33,483.63,485.93,488.22,490.52,492.82,495.12,497.42,499.72,502.01,504.31,506.61,508.91,511.21,513.50,515.80,518.10,520.40,522.70,525.00,527.29,529.59,531.89,534.19,536.49,538.79,541.08,543.38,545.68,547.98,550.28,552.57,554.87,557.17,559.47,561.77,564.07,566.36,568.66,570.96,573.26,575.56,577.86,580.15,582.45,584.75,587.05,589.35,591.64,593.94,596.24,598.54,600.84,603.14,605.43,607.73,610.03,612.33,614.63,616.93,619.22,621.52,623.82,626.12,628.42,630.72,633.01,635.31,637.61,639.91,642.21,644.50,646.80,649.10,651.40,653.70,656.00,658.29,660.59,662.89,665.19,667.49,669.78,672.08,674.38,676.68,678.98,681.28,683.57,685.87,688.17,690.47,692.77,695.07,697.36,699.66,701.96,704.26,706.56,708.85,711.15,713.45,715.75,718.05,720.35,722.64,724.94,727.24,729.54,731.84,734.14,736.43,738.73,741.03,743.33,745.63,747.93,750.22,752.52,754.82,757.12,759.42,761.71,764.01,766.31,768.61,770.91,773.21,775.50,777.80,780.10,782.40,784.70,786.99,789.29,791.59,793.89,796.19,798.49,800.78,803.08,805.38,807.68,809.98,812.28,814.57,816.87,819.17,821.47,823.77,826.07,828.36,830.66,832.96,835.26,837.56,839.85,842.15,844.45,846.75,849.05,
 Segment Global, 61.76, 61.23, 60.70, 60.16, 59.64, 59.13, 58.65, 58.19, 57.76, 57.37, 57.03, 56.75, 56.51, 56.32, 56.15, 56.02, 55.89, 55.77, 55.65, 55.52, 55.37, 55.19, 55.00, 54.79, 54.57, 54.34, 54.10, 53.85, 53.59, 53.33, 53.06, 52.79, 52.51, 52.22, 51.92, 51.62, 51.31, 51.00, 50.69, 50.38, 50.07, 49.76, 49.45, 49.14, 48.83, 48.52, 48.21, 47.90, 47.59, 47.28, 46.97, 46.65, 46.34, 46.03, 45.72, 45.40, 45.09, 44.78, 44.46, 44.15, 43.84, 43.53, 43.21, 42.90, 42.59, 42.28, 41.97, 41.66, 41.36, 41.06, 40.76, 40.47, 40.18, 39.90, 39.62, 39.34, 39.07, 38.79, 38.52, 38.24, 37.97, 37.70, 37.42, 37.15, 36.88, 36.61, 36.34, 36.07, 35.81, 35.55, 35.30, 35.05, 34.80, 34.56, 34.32, 34.09, 33.86, 33.63, 33.40, 33.18, 32.96, 32.74, 32.52, 32.30, 32.09, 31.87, 31.67, 31.46, 31.26, 31.07, 30.88, 30.69, 30.51, 30.33, 30.16, 29.99, 29.83, 29.67, 29.52, 29.37, 29.23, 29.09, 28.95, 28.82, 28.70, 28.58, 28.46, 28.35, 28.25, 28.15, 28.05, 27.96, 27.88, 27.80, 27.72, 27.65, 27.58, 27.52, 27.46, 27.40, 27.34, 27.29, 27.23, 27.18, 27.14, 27.09, 27.05, 27.00, 26.96, 26.92, 26.89, 26.85, 26.82, 26.79, 26.76, 26.74, 26.72, 26.70, 26.68, 26.66, 26.65, 26.64, 26.62, 26.62, 26.61, 26.62, 26.63, 26.66, 26.70, 26.75, 26.82, 26.90, 27.00, 27.12, 27.25, 27.40, 27.56, 27.74, 27.94, 28.15, 28.38, 28.63, 28.90, 29.18, 29.48, 29.79, 30.12, 30.45, 30.80, 31.16, 31.52, 31.90, 32.28, 32.67, 33.07, 33.47, 33.88, 34.28, 34.68, 35.09, 35.48, 35.87, 36.26, 36.64, 37.02, 37.39, 37.76, 38.12, 38.48, 38.84, 39.19, 39.53, 39.88, 40.21, 40.54, 40.87, 41.18, 41.49, 41.79, 42.08, 42.37, 42.64, 42.90, 43.15, 43.39, 43.63, 43.87, 44.10, 44.32, 44.55, 44.78, 45.01, 45.24, 45.48, 45.71, 45.93, 46.15, 46.37, 46.58, 46.78, 46.98, 47.16, 47.34, 47.50, 47.66, 47.81, 47.95, 48.09, 48.21, 48.33, 48.43, 48.53, 48.63, 48.71, 48.78, 48.85, 48.90, 48.94, 48.98, 48.99, 49.00, 48.99, 48.96, 48.93, 48.89, 48.83, 48.78, 48.72, 48.66, 48.61, 48.56, 48.52, 48.48, 48.44, 48.41, 48.38, 48.36, 48.33, 48.31, 48.30, 48.28, 48.26, 48.25, 48.24, 48.24, 48.24, 48.24, 48.25, 48.26, 48.28, 48.30, 48.33, 48.36, 48.40, 48.44, 48.49, 48.54, 48.59, 48.65, 48.70, 48.76, 48.81, 48.86, 48.92, 48.98, 49.03, 49.09, 49.15, 49.21, 49.27, 49.32, 49.38, 49.44, 49.50, 49.56, 49.62, 49.69, 49.77, 49.86, 49.96, 50.08, 50.20, 50.34, 50.49, 50.66, 50.83, 51.01, 51.19, 51.38, 51.58, 51.78, 51.98, 52.19, 52.40, 52.62, 52.84, 53.06, 53.28, 53.51, 53.73, 53.95, 54.18, 54.40, 54.62, 54.85, 55.07, 55.30, 55.54, 55.78, 56.03, 56.29, 56.56, 56.84, 57.13, 57.42, 57.72, 58.02, 58.32, 58.63, 58.94, 59.24,


