Timing Information
==========================================================
Clip Duration,1372.02,ms
Average RR Duration,1359.02,ms
Enddiastolic frame time,1320.35,ms
Endsystolic  frame time,428.22,ms
Reference time,13.3756,ms
Trigger time,13.4,ms



Results
==========================================================
Global
----------------------------------------------------------
EDV,147.41,ml
ESV,63.20,ml
SV,84.21,ml
EF,57.13,%

2D
----------------------------------------------------------
RVDd base (RVD1),27.89,mm
RVDd mid (RVD2),41.82,mm
RVLd (RVD3),95.78,mm
TAPSE,24.93,mm
FAC,48.34,%
RVLS (Septum),-13.82,%
RVLS (Freewall),-25.86,%

Curves
==========================================================
Global
Global
Unit [ml]
Time [ ms],  0.00,  3.57,  7.15, 10.73, 14.30, 17.88, 21.45, 25.03, 28.60, 32.18, 35.75, 40.38, 45.00, 49.63, 54.25, 58.88, 63.50, 68.13, 72.75, 77.38, 82.00, 85.58, 89.15, 92.72, 96.30, 99.88,103.45,107.03,110.60,114.18,117.75,121.33,124.90,128.47,132.05,135.63,139.20,142.77,146.35,149.93,153.50,157.07,160.65,164.22,167.80,171.38,174.95,178.52,182.10,185.68,189.25,192.82,196.40,199.98,203.55,207.13,210.70,214.27,217.85,221.43,225.00,228.57,232.15,235.73,239.30,242.88,246.45,250.03,253.60,257.17,260.75,264.32,267.90,271.47,275.05,278.63,282.20,285.77,289.35,292.93,296.50,300.07,303.65,307.22,310.80,314.37,317.95,321.52,325.10,328.68,332.25,335.82,339.40,342.97,346.55,350.13,353.70,357.27,360.85,364.43,368.00,371.57,375.15,378.72,382.30,385.87,389.45,393.02,396.60,400.18,403.75,407.32,410.90,414.47,418.05,421.63,425.20,428.78,432.35,435.93,439.50,443.07,446.65,450.22,453.80,457.37,460.95,464.53,468.10,471.68,475.25,478.82,482.40,485.98,489.55,493.13,496.70,500.28,503.85,507.43,511.00,514.58,518.15,521.73,525.30,528.88,532.45,536.02,539.60,543.17,546.75,550.32,553.90,557.47,561.05,564.62,568.20,571.77,575.35,578.92,582.50,586.08,589.65,593.23,596.80,600.38,603.95,607.52,611.10,614.67,618.25,621.82,625.40,628.98,632.55,636.13,639.70,643.27,646.85,650.43,654.00,657.58,661.15,664.73,668.30,671.88,675.45,679.02,682.60,686.17,689.75,693.32,696.90,700.47,704.05,707.62,711.20,714.78,718.35,721.93,725.50,729.08,732.65,736.23,739.80,743.38,746.95,750.52,754.10,757.67,761.25,764.82,768.40,771.98,775.55,779.13,782.70,786.27,789.85,793.43,797.00,800.58,804.15,807.73,811.30,814.88,818.45,822.02,825.60,829.17,832.75,836.32,839.90,843.47,847.05,850.63,854.20,857.78,861.35,864.93,868.50,872.08,875.65,879.23,882.80,886.38,889.95,893.52,897.10,900.67,904.25,907.82,911.40,914.98,918.55,922.13,925.70,929.28,932.85,936.43,940.00,943.58,947.15,950.73,954.30,957.88,961.45,965.02,968.60,972.17,975.75,979.32,982.90,986.48,990.05,993.63,997.20,1000.77,1004.35,1007.93,1011.50,1015.08,1018.65,1022.22,1025.80,1029.38,1032.95,1036.52,1040.10,1043.68,1047.25,1050.83,1054.40,1057.97,1061.55,1065.13,1068.70,1072.27,1075.85,1079.42,1083.00,1086.58,1090.15,1093.73,1097.30,1100.88,1104.45,1108.03,1111.60,1115.18,1118.75,1122.33,1125.90,1129.48,1133.05,1136.63,1140.20,1143.78,1147.35,1150.92,1154.50,1158.08,1161.65,1165.23,1168.80,1172.38,1175.95,1179.53,1183.10,1186.68,1190.25,1193.83,1197.40,1200.98,1204.55,1208.12,1211.70,1215.28,1218.85,1222.42,1226.00,1229.57,1233.15,1236.73,1240.30,1243.88,1247.45,1251.03,1254.60,1258.17,1261.75,1265.33,1268.90,1272.47,1276.05,1279.63,1283.20,1286.77,1290.35,1293.92,1297.50,1301.08,1304.65,1308.23,1311.80,1315.38,1318.95,1322.53,1326.10,1329.68,1333.25,1336.83,1340.40,1343.97,1347.55,1351.13,1354.70,1358.27,1361.85,1365.42,1369.00,
 Segment Global,145.05,144.18,143.34,142.49,141.63,140.72,139.76,138.70,137.55,136.26,134.82,133.20,131.40,129.47,127.47,125.44,123.44,121.51,119.70,118.07,116.67,115.51,114.58,113.82,113.21,112.70,112.25,111.84,111.42,110.95,110.39,109.75,109.05,108.29,107.50,106.69,105.87,105.04,104.24,103.46,102.71,102.01,101.33,100.67,100.03, 99.40, 98.77, 98.15, 97.52, 96.90, 96.26, 95.61, 94.95, 94.29, 93.63, 92.96, 92.29, 91.62, 90.95, 90.27, 89.59, 88.91, 88.23, 87.55, 86.86, 86.18, 85.51, 84.84, 84.18, 83.53, 82.89, 82.26, 81.65, 81.05, 80.45, 79.87, 79.30, 78.74, 78.19, 77.65, 77.12, 76.61, 76.11, 75.62, 75.14, 74.66, 74.19, 73.72, 73.24, 72.76, 72.27, 71.77, 71.26, 70.74, 70.23, 69.72, 69.22, 68.74, 68.29, 67.86, 67.47, 67.11, 66.80, 66.51, 66.25, 66.01, 65.79, 65.57, 65.36, 65.15, 64.93, 64.70, 64.47, 64.23, 63.99, 63.78, 63.58, 63.42, 63.30, 63.22, 63.20, 63.24, 63.35, 63.50, 63.69, 63.91, 64.13, 64.35, 64.55, 64.71, 64.84, 64.90, 64.91, 64.90, 64.88, 64.87, 64.89, 64.97, 65.12, 65.36, 65.72, 66.20, 66.78, 67.45, 68.20, 69.02, 69.89, 70.80, 71.74, 72.70, 73.66, 74.63, 75.62, 76.62, 77.63, 78.62, 79.60, 80.55, 81.45, 82.31, 83.11, 83.83, 84.49, 85.09, 85.66, 86.20, 86.73, 87.27, 87.82, 88.41, 89.05, 89.74, 90.45, 91.20, 91.98, 92.79, 93.64, 94.51, 95.41, 96.34, 97.30, 98.29, 99.32,100.38,101.44,102.49,103.52,104.51,105.44,106.30,107.07,107.76,108.36,108.88,109.33,109.71,110.01,110.25,110.43,110.55,110.62,110.62,110.55,110.43,110.26,110.05,109.81,109.55,109.27,108.99,108.71,108.43,108.16,107.89,107.63,107.36,107.10,106.83,106.56,106.29,106.02,105.74,105.46,105.18,104.91,104.65,104.39,104.15,103.92,103.71,103.52,103.35,103.19,103.06,102.94,102.83,102.74,102.66,102.59,102.53,102.48,102.44,102.41,102.39,102.37,102.36,102.36,102.36,102.37,102.37,102.38,102.38,102.38,102.39,102.39,102.40,102.41,102.43,102.46,102.49,102.54,102.60,102.68,102.76,102.84,102.93,103.02,103.10,103.18,103.25,103.31,103.35,103.39,103.41,103.42,103.43,103.43,103.43,103.43,103.43,103.44,103.44,103.45,103.45,103.46,103.47,103.47,103.48,103.50,103.51,103.53,103.54,103.57,103.59,103.61,103.64,103.67,103.70,103.73,103.75,103.78,103.81,103.83,103.86,103.89,103.91,103.94,103.96,103.99,104.01,104.03,104.06,104.08,104.11,104.13,104.16,104.19,104.22,104.26,104.30,104.35,104.41,104.48,104.55,104.64,104.74,104.84,104.96,105.07,105.19,105.32,105.44,105.56,105.70,105.86,106.05,106.30,106.62,107.01,107.49,108.07,108.76,109.54,110.41,111.37,112.41,113.52,114.70,115.95,117.26,118.62,120.03,121.49,122.99,124.53,126.09,127.68,129.27,130.87,132.47,134.06,135.65,137.25,138.83,140.36,141.81,143.16,144.36,145.40,146.25,146.86,147.24,147.41,147.38,147.20,146.89,146.48,146.00,145.48,144.94,144.43,


