Timing Information
==========================================================
Clip Duration,946,ms
Average RR Duration,946,ms
Enddiastolic frame time,897.314,ms
Endsystolic  frame time,443.234,ms
Reference time,1.032,ms
Trigger time,1.032,ms



Results
==========================================================
Global
----------------------------------------------------------
EDV,292.62,ml
ESV,212.86,ml
SV,79.77,ml
EF,27.26,%

2D
----------------------------------------------------------
RVDd base (RVD1),36.30,mm
RVDd mid (RVD2),65.52,mm
RVLd (RVD3),91.60,mm
TAPSE,15.64,mm
FAC,17.74,%
RVLS (Septum),-1.24,%
RVLS (Freewall),-18.08,%

Curves
==========================================================
Global
Global
Unit [ml]
Time [ ms],  0.00,  2.27,  4.54,  6.81,  9.08, 11.35, 13.62, 15.89, 18.16, 20.43, 22.70, 26.16, 29.62, 33.07, 36.53, 39.98, 43.44, 46.90, 50.35, 53.81, 57.27, 59.54, 61.81, 64.08, 66.35, 68.62, 70.89, 73.16, 75.43, 77.70, 79.97, 82.24, 84.51, 86.78, 89.05, 91.32, 93.59, 95.86, 98.13,100.40,102.67,104.94,107.21,109.49,111.76,114.03,116.30,118.57,120.84,123.11,125.38,127.65,129.92,132.19,134.46,136.73,139.00,141.27,143.54,145.81,148.08,150.35,152.62,154.89,157.16,159.43,161.70,163.97,166.25,168.52,170.79,173.06,175.33,177.60,179.87,182.14,184.41,186.68,188.95,191.22,193.49,195.76,198.03,200.30,202.57,204.84,207.11,209.38,211.65,213.92,216.19,218.46,220.73,223.01,225.28,227.55,229.82,232.09,234.36,236.63,238.90,241.17,243.44,245.71,247.98,250.25,252.52,254.79,257.06,259.33,261.60,263.87,266.14,268.41,270.68,272.95,275.22,277.49,279.77,282.04,284.31,286.58,288.85,291.12,293.39,295.66,297.93,300.20,302.47,304.74,307.01,309.28,311.55,313.82,316.09,318.36,320.63,322.90,325.17,327.44,329.71,331.98,334.25,336.53,338.80,341.07,343.34,345.61,347.88,350.15,352.42,354.69,356.96,359.23,361.50,363.77,366.04,368.31,370.58,372.85,375.12,377.39,379.66,381.93,384.20,386.47,388.74,391.01,393.29,395.56,397.83,400.10,402.37,404.64,406.91,409.18,411.45,413.72,415.99,418.26,420.53,422.80,425.07,427.34,429.61,431.88,434.15,436.42,438.69,440.96,443.23,445.50,447.77,450.05,452.32,454.59,456.86,459.13,461.40,463.67,465.94,468.21,470.48,472.75,475.02,477.29,479.56,481.83,484.10,486.37,488.64,490.91,493.18,495.45,497.72,499.99,502.26,504.53,506.81,509.08,511.35,513.62,515.89,518.16,520.43,522.70,524.97,527.24,529.51,531.78,534.05,536.32,538.59,540.86,543.13,545.40,547.67,549.94,552.21,554.48,556.75,559.02,561.29,563.57,565.84,568.11,570.38,572.65,574.92,577.19,579.46,581.73,584.00,586.27,588.54,590.81,593.08,595.35,597.62,599.89,602.16,604.43,606.70,608.97,611.24,613.51,615.78,618.05,620.33,622.60,624.87,627.14,629.41,631.68,633.95,636.22,638.49,640.76,643.03,645.30,647.57,649.84,652.11,654.38,656.65,658.92,661.19,663.46,665.73,668.00,670.27,672.54,674.81,677.09,679.36,681.63,683.90,686.17,688.44,690.71,692.98,695.25,697.52,699.79,702.06,704.33,706.60,708.87,711.14,713.41,715.68,717.95,720.22,722.49,724.76,727.03,729.30,731.57,733.85,736.12,738.39,740.66,742.93,745.20,747.47,749.74,752.01,754.28,756.55,758.82,761.09,763.36,765.63,767.90,770.17,772.44,774.71,776.98,779.25,781.52,783.79,786.06,788.33,790.61,792.88,795.15,797.42,799.69,801.96,804.23,806.50,808.77,811.04,813.31,815.58,817.85,820.12,822.39,824.66,826.93,829.20,831.47,833.74,836.01,838.28,840.55,842.82,845.09,847.37,849.64,851.91,854.18,856.45,858.72,860.99,863.26,865.53,867.80,870.07,872.34,874.61,876.88,879.15,881.42,883.69,885.96,888.23,890.50,892.77,895.04,897.31,899.58,901.85,904.13,906.40,908.67,910.94,913.21,915.48,917.75,920.02,922.29,924.56,926.83,929.10,931.37,933.64,935.91,938.18,940.45,942.72,
 Segment Global,289.06,289.15,289.24,289.34,289.43,289.53,289.61,289.69,289.77,289.83,289.87,289.90,289.91,289.91,289.90,289.89,289.90,289.92,289.97,290.06,290.18,290.36,290.58,290.83,291.10,291.36,291.62,291.85,292.04,292.18,292.26,292.26,292.21,292.10,291.94,291.72,291.44,291.12,290.74,290.32,289.85,289.33,288.77,288.16,287.51,286.82,286.08,285.30,284.48,283.61,282.71,281.75,280.74,279.70,278.65,277.61,276.58,275.61,274.69,273.85,273.11,272.47,271.93,271.48,271.09,270.76,270.47,270.21,269.96,269.72,269.46,269.19,268.93,268.67,268.39,268.11,267.80,267.46,267.09,266.67,266.21,265.69,265.11,264.49,263.84,263.16,262.48,261.81,261.15,260.52,259.94,259.41,258.92,258.46,258.03,257.61,257.19,256.77,256.33,255.86,255.36,254.82,254.26,253.67,253.06,252.44,251.81,251.17,250.55,249.93,249.32,248.73,248.15,247.58,247.02,246.46,245.91,245.37,244.82,244.27,243.73,243.18,242.63,242.08,241.54,240.99,240.46,239.93,239.40,238.89,238.39,237.90,237.42,236.94,236.48,236.02,235.56,235.09,234.63,234.15,233.66,233.17,232.66,232.15,231.63,231.10,230.58,230.05,229.53,229.01,228.49,227.98,227.48,226.99,226.49,226.00,225.51,225.01,224.52,224.02,223.51,223.00,222.48,221.97,221.45,220.93,220.42,219.92,219.42,218.94,218.47,218.01,217.56,217.13,216.71,216.31,215.92,215.56,215.21,214.89,214.60,214.32,214.08,213.86,213.66,213.49,213.33,213.20,213.10,213.01,212.94,212.89,212.86,212.86,212.87,212.91,212.96,213.03,213.13,213.24,213.37,213.52,213.69,213.88,214.09,214.33,214.58,214.86,215.15,215.48,215.82,216.19,216.58,217.00,217.44,217.91,218.41,218.95,219.53,220.15,220.82,221.54,222.30,223.11,223.94,224.81,225.70,226.61,227.54,228.47,229.41,230.35,231.30,232.25,233.20,234.16,235.11,236.06,237.01,237.95,238.89,239.81,240.73,241.63,242.52,243.41,244.29,245.17,246.04,246.92,247.79,248.67,249.55,250.43,251.29,252.15,252.98,253.79,254.58,255.32,256.04,256.71,257.33,257.93,258.49,259.03,259.55,260.05,260.54,261.03,261.51,261.99,262.47,262.95,263.41,263.86,264.30,264.71,265.10,265.47,265.80,266.11,266.39,266.64,266.87,267.08,267.28,267.46,267.64,267.81,267.97,268.13,268.29,268.44,268.59,268.73,268.86,268.99,269.10,269.21,269.30,269.38,269.46,269.52,269.59,269.64,269.69,269.73,269.77,269.80,269.83,269.86,269.87,269.89,269.91,269.94,269.97,270.02,270.08,270.16,270.27,270.40,270.56,270.74,270.94,271.16,271.39,271.62,271.86,272.10,272.33,272.55,272.77,272.98,273.20,273.43,273.69,273.99,274.32,274.70,275.14,275.65,276.21,276.82,277.46,278.13,278.80,279.47,280.11,280.73,281.30,281.82,282.29,282.73,283.14,283.53,283.90,284.28,284.66,285.06,285.48,285.92,286.38,286.86,287.34,287.81,288.27,288.71,289.11,289.49,289.81,290.08,290.31,290.50,290.66,290.80,290.92,291.03,291.14,291.25,291.38,291.53,291.68,291.85,292.01,292.17,292.31,292.43,292.53,292.60,292.62,292.61,292.56,292.48,292.37,292.25,292.12,291.97,291.83,291.70,291.57,291.46,291.35,291.25,291.16,291.07,290.99,290.90,290.82,290.73,290.65,


