Timing Information
==========================================================
Clip Duration,989,ms
Average RR Duration,989,ms
Enddiastolic frame time,945.235,ms
Endsystolic  frame time,376.147,ms
Reference time,13.652,ms
Trigger time,13.652,ms



Results
==========================================================
Global
----------------------------------------------------------
EDV,158.33,ml
ESV,65.08,ml
SV,93.25,ml
EF,58.89,%

2D
----------------------------------------------------------
RVDd base (RVD1),28.42,mm
RVDd mid (RVD2),37.11,mm
RVLd (RVD3),101.30,mm
TAPSE,25.75,mm
FAC,48.13,%
RVLS (Septum),-21.43,%
RVLS (Freewall),-30.30,%

Curves
==========================================================
Global
Global
Unit [ml]
Time [ ms],  0.00,  3.17,  6.34,  9.51, 12.68, 15.85, 19.02, 22.19, 25.36, 28.53, 31.70, 33.20, 34.69, 36.19, 37.69, 39.19, 40.68, 42.18, 43.68, 45.18, 46.68, 48.17, 49.67, 51.17, 52.67, 54.16, 55.66, 57.16, 58.66, 60.15, 61.65, 63.15, 64.65, 66.14, 67.64, 69.14, 70.64, 72.13, 73.63, 75.13, 76.63, 78.12, 79.62, 81.12, 82.62, 84.11, 85.61, 87.11, 88.61, 90.11, 91.60, 93.10, 94.60, 96.10, 97.59, 99.09,100.59,102.09,103.58,105.08,106.58,108.08,109.57,111.07,112.57,114.07,115.56,117.06,118.56,120.06,121.56,123.05,124.55,126.05,127.55,129.04,130.54,132.04,133.54,135.03,136.53,138.03,139.53,141.02,142.52,144.02,145.52,147.01,148.51,150.01,151.51,153.00,154.50,156.00,157.50,159.00,160.49,161.99,163.49,164.99,166.48,167.98,169.48,170.98,172.47,173.97,175.47,176.97,178.46,179.96,181.46,182.96,184.45,185.95,187.45,188.95,190.44,191.94,193.44,194.94,196.44,197.93,199.43,200.93,202.43,203.92,205.42,206.92,208.42,209.91,211.41,212.91,214.41,215.90,217.40,218.90,220.40,221.89,223.39,224.89,226.39,227.88,229.38,230.88,232.38,233.88,235.37,236.87,238.37,239.87,241.36,242.86,244.36,245.86,247.35,248.85,250.35,251.85,253.34,254.84,256.34,257.84,259.33,260.83,262.33,263.83,265.32,266.82,268.32,269.82,271.31,272.81,274.31,275.81,277.31,278.80,280.30,281.80,283.30,284.79,286.29,287.79,289.29,290.78,292.28,293.78,295.28,296.77,298.27,299.77,301.27,302.76,304.26,305.76,307.26,308.75,310.25,311.75,313.25,314.75,316.24,317.74,319.24,320.74,322.23,323.73,325.23,326.73,328.22,329.72,331.22,332.72,334.21,335.71,337.21,338.71,340.20,341.70,343.20,344.70,346.19,347.69,349.19,350.69,352.19,353.68,355.18,356.68,358.18,359.67,361.17,362.67,364.17,365.66,367.16,368.66,370.16,371.65,373.15,374.65,376.15,377.64,379.14,380.64,382.14,383.63,385.13,386.63,388.13,389.63,391.12,392.62,394.12,395.62,397.11,398.61,400.11,401.61,403.10,404.60,406.10,407.60,409.09,410.59,412.09,413.59,415.08,416.58,418.08,419.58,421.07,422.57,424.07,425.57,427.07,428.56,430.06,431.56,433.06,434.55,436.05,437.55,439.05,440.54,442.04,443.54,445.04,446.53,448.03,449.53,451.03,452.52,454.02,455.52,457.02,458.51,460.01,461.51,463.01,464.51,466.00,467.50,469.00,470.50,471.99,473.49,474.99,476.49,477.98,479.48,480.98,482.48,483.97,485.47,486.97,488.47,489.96,491.46,492.96,494.46,495.95,497.45,498.95,500.45,501.95,503.44,504.94,506.44,507.94,509.43,510.93,512.43,513.93,515.42,516.92,518.42,519.92,521.41,522.91,524.41,525.91,527.40,528.90,530.40,531.90,533.40,534.89,536.39,537.89,539.39,540.88,542.38,543.88,545.38,546.87,548.37,549.87,551.37,552.86,554.36,555.86,557.36,558.85,560.35,561.85,563.35,564.84,566.34,567.84,569.34,570.84,572.33,573.83,575.33,576.83,578.32,579.82,581.32,582.82,584.31,585.81,587.31,588.81,590.30,591.80,593.30,594.80,596.29,597.79,599.29,600.79,602.28,603.78,605.28,606.78,608.28,609.77,611.27,612.77,614.27,615.76,617.26,618.76,620.26,621.75,623.25,624.75,626.25,627.74,629.24,630.74,632.24,633.73,635.23,636.73,638.23,639.72,641.22,642.72,644.22,645.72,647.21,648.71,650.21,651.71,653.20,654.70,656.20,657.70,659.19,660.69,662.19,663.69,665.18,666.68,668.18,669.68,671.17,672.67,674.17,675.67,677.16,678.66,680.16,681.66,683.15,684.65,686.15,687.65,689.15,690.64,692.14,693.64,695.14,696.63,698.13,699.63,701.13,702.62,704.12,705.62,707.12,708.61,710.11,711.61,713.11,714.60,716.10,717.60,719.10,720.60,722.09,723.59,725.09,726.59,728.08,729.58,731.08,732.58,734.07,735.57,737.07,738.57,740.06,741.56,743.06,744.56,746.05,747.55,749.05,750.55,752.04,753.54,755.04,756.54,758.03,759.53,761.03,762.53,764.03,765.52,767.02,768.52,770.02,771.51,773.01,774.51,776.01,777.50,779.00,780.50,782.00,783.49,784.99,786.49,787.99,789.48,790.98,792.48,793.98,795.48,796.97,798.47,799.97,801.47,802.96,804.46,805.96,807.46,808.95,810.45,811.95,813.45,814.94,816.44,817.94,819.44,820.93,822.43,823.93,825.43,826.92,828.42,829.92,831.42,832.92,834.41,835.91,837.41,838.91,840.40,841.90,843.40,844.90,846.39,847.89,849.39,850.89,852.38,853.88,855.38,856.88,858.37,859.87,861.37,862.87,864.36,865.86,867.36,868.86,870.36,871.85,873.35,874.85,876.35,877.84,879.34,880.84,882.34,883.83,885.33,886.83,888.33,889.82,891.32,892.82,894.32,895.81,897.31,898.81,900.31,901.80,903.30,904.80,906.30,907.80,909.29,910.79,912.29,913.79,915.28,916.78,918.28,919.78,921.27,922.77,924.27,925.77,927.26,928.76,930.26,931.76,933.25,934.75,936.25,937.75,939.24,940.74,942.24,943.74,945.24,946.73,948.23,949.73,951.23,952.72,954.22,955.72,957.22,958.71,960.21,961.71,963.21,964.70,966.20,967.70,969.20,970.69,972.19,973.69,975.19,976.68,978.18,979.68,981.18,982.67,984.17,985.67,987.17,988.67,990.16,
 Segment Global,122.89,123.45,124.01,124.57,125.14,125.74,126.37,127.05,127.78,128.58,129.46,130.41,131.44,132.52,133.67,134.86,136.08,137.34,138.61,139.90,141.19,142.50,143.81,145.13,146.43,147.69,148.90,150.04,151.08,152.02,152.83,153.51,154.06,154.49,154.81,155.04,155.19,155.25,155.25,155.20,155.10,154.95,154.74,154.49,154.18,153.83,153.44,153.00,152.53,152.02,151.49,150.92,150.32,149.70,149.06,148.40,147.72,147.03,146.32,145.61,144.89,144.16,143.43,142.69,141.95,141.21,140.47,139.73,138.98,138.24,137.50,136.76,136.02,135.29,134.55,133.82,133.10,132.39,131.69,130.99,130.31,129.65,129.01,128.39,127.76,127.13,126.49,125.84,125.15,124.43,123.67,122.86,122.00,121.11,120.20,119.27,118.35,117.44,116.55,115.70,114.90,114.14,113.43,112.75,112.11,111.49,110.89,110.29,109.71,109.13,108.54,107.94,107.35,106.75,106.16,105.57,104.98,104.39,103.80,103.21,102.63,102.05,101.47,100.90,100.32, 99.74, 99.17, 98.60, 98.04, 97.47, 96.92, 96.36, 95.81, 95.27, 94.73, 94.19, 93.65, 93.13, 92.60, 92.08, 91.56, 91.05, 90.54, 90.04, 89.54, 89.04, 88.55, 88.07, 87.59, 87.12, 86.66, 86.20, 85.75, 85.31, 84.87, 84.44, 84.01, 83.59, 83.18, 82.77, 82.36, 81.96, 81.56, 81.16, 80.77, 80.38, 80.00, 79.62, 79.24, 78.87, 78.50, 78.14, 77.78, 77.42, 77.06, 76.71, 76.36, 76.02, 75.69, 75.35, 75.03, 74.71, 74.39, 74.09, 73.78, 73.48, 73.19, 72.90, 72.61, 72.33, 72.06, 71.78, 71.51, 71.25, 70.99, 70.74, 70.48, 70.24, 70.00, 69.76, 69.53, 69.31, 69.08, 68.87, 68.66, 68.45, 68.26, 68.07, 67.89, 67.71, 67.55, 67.40, 67.25, 67.12, 66.99, 66.87, 66.76, 66.65, 66.54, 66.45, 66.35, 66.26, 66.18, 66.09, 66.02, 65.94, 65.87, 65.80, 65.73, 65.67, 65.61, 65.54, 65.48, 65.42, 65.36, 65.31, 65.26, 65.21, 65.17, 65.14, 65.11, 65.10, 65.09, 65.08, 65.09, 65.10, 65.11, 65.13, 65.15, 65.18, 65.20, 65.23, 65.27, 65.30, 65.35, 65.39, 65.44, 65.50, 65.56, 65.62, 65.69, 65.76, 65.84, 65.92, 66.01, 66.11, 66.22, 66.34, 66.49, 66.65, 66.83, 67.04, 67.26, 67.51, 67.77, 68.05, 68.34, 68.65, 68.96, 69.29, 69.62, 69.95, 70.30, 70.65, 71.01, 71.38, 71.76, 72.16, 72.57, 72.99, 73.42, 73.87, 74.34, 74.81, 75.30, 75.80, 76.31, 76.84, 77.37, 77.91, 78.47, 79.03, 79.59, 80.17, 80.76, 81.36, 81.96, 82.58, 83.21, 83.85, 84.51, 85.18, 85.85, 86.54, 87.24, 87.96, 88.67, 89.40, 90.14, 90.88, 91.63, 92.39, 93.15, 93.92, 94.70, 95.48, 96.26, 97.05, 97.84, 98.63, 99.42,100.22,101.01,101.81,102.61,103.40,104.20,104.99,105.78,106.57,107.36,108.14,108.92,109.69,110.45,111.22,111.97,112.73,113.48,114.23,114.97,115.72,116.46,117.21,117.94,118.65,119.35,120.02,120.66,121.27,121.83,122.35,122.83,123.27,123.68,124.06,124.43,124.79,125.14,125.50,125.87,126.25,126.64,127.03,127.43,127.81,128.18,128.52,128.84,129.13,129.37,129.57,129.74,129.87,129.97,130.06,130.14,130.21,130.29,130.37,130.47,130.59,130.72,130.86,131.00,131.15,131.31,131.46,131.61,131.76,131.89,132.02,132.15,132.27,132.38,132.49,132.59,132.69,132.79,132.88,132.97,133.06,133.15,133.23,133.30,133.37,133.43,133.48,133.52,133.54,133.55,133.54,133.51,133.48,133.43,133.37,133.30,133.23,133.15,133.06,132.98,132.89,132.80,132.71,132.62,132.52,132.42,132.32,132.22,132.11,132.01,131.90,131.80,131.69,131.58,131.48,131.37,131.26,131.15,131.04,130.92,130.81,130.69,130.58,130.46,130.34,130.22,130.11,129.99,129.88,129.76,129.65,129.54,129.44,129.33,129.22,129.12,129.02,128.92,128.82,128.72,128.62,128.53,128.43,128.34,128.25,128.16,128.07,127.98,127.89,127.81,127.72,127.64,127.56,127.48,127.40,127.33,127.26,127.20,127.14,127.08,127.04,127.00,126.96,126.93,126.90,126.88,126.86,126.84,126.82,126.80,126.79,126.77,126.76,126.75,126.74,126.73,126.71,126.70,126.68,126.66,126.64,126.61,126.58,126.55,126.52,126.50,126.48,126.46,126.45,126.44,126.45,126.46,126.47,126.50,126.53,126.57,126.61,126.66,126.72,126.79,126.86,126.95,127.04,127.14,127.24,127.34,127.45,127.55,127.65,127.74,127.83,127.91,127.98,128.06,128.14,128.22,128.31,128.40,128.50,128.62,128.75,128.89,129.05,129.21,129.38,129.56,129.74,129.93,130.12,130.31,130.50,130.70,130.90,131.10,131.30,131.52,131.74,131.98,132.23,132.49,132.76,133.05,133.35,133.66,133.98,134.31,134.66,135.01,135.37,135.75,136.13,136.51,136.91,137.32,137.74,138.18,138.62,139.08,139.55,140.03,140.52,141.02,141.54,142.06,142.61,143.16,143.73,144.32,144.93,145.56,146.21,146.88,147.55,148.24,148.93,149.63,150.32,151.00,151.67,152.32,152.96,153.57,154.16,154.73,155.26,155.76,156.22,156.65,157.03,157.36,157.66,157.92,158.13,158.27,158.33,158.31,158.18,157.93,157.55,157.03,156.35,155.53,154.59,153.53,152.37,151.13,149.83,148.48,147.10,145.69,144.28,142.84,141.38,139.90,138.40,136.89,135.37,133.83,132.29,130.74,


