Timing Information
==========================================================
Clip Duration,1162.54,ms
Average RR Duration,1135.52,ms
Enddiastolic frame time,1076.54,ms
Endsystolic  frame time,410.112,ms
Reference time,8.93984,ms
Trigger time,18.301,ms



Results
==========================================================
Global
----------------------------------------------------------
EDV,64.97,ml
ESV,29.40,ml
SV,35.58,ml
EF,54.76,%

2D
----------------------------------------------------------
RVDd base (RVD1),17.25,mm
RVDd mid (RVD2),34.43,mm
RVLd (RVD3),75.85,mm
TAPSE,17.45,mm
FAC,42.95,%
RVLS (Septum),-14.99,%
RVLS (Freewall),-15.04,%

Curves
==========================================================
Global
Global
Unit [ml]
Time [ ms],  0.00,  5.25, 10.49, 15.74, 20.99, 26.24, 31.48, 36.73, 41.98, 47.22, 52.47, 55.04, 57.60, 60.16, 62.72, 65.29, 67.85, 70.41, 72.98, 75.54, 78.10, 80.67, 83.23, 85.79, 88.36, 90.92, 93.48, 96.05, 98.61,101.17,103.74,106.30,108.86,111.43,113.99,116.55,119.12,121.68,124.24,126.80,129.37,131.93,134.49,137.06,139.62,142.18,144.75,147.31,149.87,152.44,155.00,157.56,160.13,162.69,165.25,167.82,170.38,172.94,175.51,178.07,180.63,183.20,185.76,188.32,190.88,193.45,196.01,198.57,201.14,203.70,206.26,208.83,211.39,213.95,216.52,219.08,221.64,224.21,226.77,229.33,231.90,234.46,237.02,239.59,242.15,244.71,247.28,249.84,252.40,254.96,257.53,260.09,262.65,265.22,267.78,270.34,272.91,275.47,278.03,280.60,283.16,285.72,288.29,290.85,293.41,295.98,298.54,301.10,303.67,306.23,308.79,311.36,313.92,316.48,319.04,321.61,324.17,326.73,329.30,331.86,334.42,336.99,339.55,342.11,344.68,347.24,349.80,352.37,354.93,357.49,360.06,362.62,365.18,367.75,370.31,372.87,375.44,378.00,380.56,383.12,385.69,388.25,390.81,393.38,395.94,398.50,401.07,403.63,406.19,408.76,411.32,413.88,416.45,419.01,421.57,424.14,426.70,429.26,431.83,434.39,436.95,439.52,442.08,444.64,447.20,449.77,452.33,454.89,457.46,460.02,462.58,465.15,467.71,470.27,472.84,475.40,477.96,480.53,483.09,485.65,488.22,490.78,493.34,495.91,498.47,501.03,503.60,506.16,508.72,511.28,513.85,516.41,518.97,521.54,524.10,526.66,529.23,531.79,534.35,536.92,539.48,542.04,544.61,547.17,549.73,552.30,554.86,557.42,559.99,562.55,565.11,567.68,570.24,572.80,575.36,577.93,580.49,583.05,585.62,588.18,590.74,593.31,595.87,598.43,601.00,603.56,606.12,608.69,611.25,613.81,616.38,618.94,621.50,624.07,626.63,629.19,631.76,634.32,636.88,639.44,642.01,644.57,647.13,649.70,652.26,654.82,657.39,659.95,662.51,665.08,667.64,670.20,672.77,675.33,677.89,680.46,683.02,685.58,688.15,690.71,693.27,695.84,698.40,700.96,703.52,706.09,708.65,711.21,713.78,716.34,718.90,721.47,724.03,726.59,729.16,731.72,734.28,736.85,739.41,741.97,744.54,747.10,749.66,752.23,754.79,757.35,759.92,762.48,765.04,767.60,770.17,772.73,775.29,777.86,780.42,782.98,785.55,788.11,790.67,793.24,795.80,798.36,800.93,803.49,806.05,808.62,811.18,813.74,816.31,818.87,821.43,824.00,826.56,829.12,831.68,834.25,836.81,839.37,841.94,844.50,847.06,849.63,852.19,854.75,857.32,859.88,862.44,865.01,867.57,870.13,872.70,875.26,877.82,880.39,882.95,885.51,888.08,890.64,893.20,895.76,898.33,900.89,903.45,906.02,908.58,911.14,913.71,916.27,918.83,921.40,923.96,926.52,929.09,931.65,934.21,936.78,939.34,941.90,944.47,947.03,949.59,952.16,954.72,957.28,959.84,962.41,964.97,967.53,970.10,972.66,975.22,977.79,980.35,982.91,985.48,988.04,990.60,993.17,995.73,998.29,1000.86,1003.42,1005.98,1008.55,1011.11,1013.67,1016.24,1018.80,1021.36,1023.92,1026.49,1029.05,1031.61,1034.18,1036.74,1039.30,1041.87,1044.43,1046.99,1049.56,1052.12,1054.68,1057.25,1059.81,1062.37,1064.94,1067.50,1070.06,1072.63,1075.19,1077.75,1080.32,1082.88,1085.44,1088.00,1090.57,1093.13,1095.69,1098.26,1100.82,1103.38,1105.95,1108.51,1111.07,1113.64,1116.20,1118.76,1121.33,1123.89,1126.45,1129.02,1131.58,1134.14,1136.71,1139.27,1141.83,1144.40,1146.96,1149.52,1152.08,1154.65,
 Segment Global, 64.55, 63.87, 63.19, 62.50, 61.83, 61.18, 60.55, 59.95, 59.38, 58.86, 58.39, 57.98, 57.62, 57.30, 57.03, 56.79, 56.58, 56.39, 56.22, 56.06, 55.91, 55.76, 55.62, 55.50, 55.37, 55.26, 55.14, 55.03, 54.91, 54.79, 54.67, 54.54, 54.41, 54.26, 54.11, 53.96, 53.79, 53.63, 53.45, 53.27, 53.09, 52.89, 52.69, 52.49, 52.27, 52.05, 51.83, 51.60, 51.37, 51.14, 50.90, 50.66, 50.42, 50.18, 49.93, 49.68, 49.43, 49.17, 48.91, 48.64, 48.37, 48.10, 47.82, 47.54, 47.26, 46.97, 46.68, 46.39, 46.10, 45.81, 45.51, 45.22, 44.93, 44.63, 44.34, 44.05, 43.75, 43.47, 43.18, 42.90, 42.62, 42.34, 42.07, 41.81, 41.54, 41.28, 41.03, 40.77, 40.52, 40.27, 40.02, 39.78, 39.54, 39.30, 39.06, 38.82, 38.58, 38.35, 38.11, 37.87, 37.64, 37.40, 37.15, 36.91, 36.67, 36.43, 36.19, 35.96, 35.72, 35.49, 35.26, 35.04, 34.82, 34.60, 34.39, 34.19, 33.99, 33.79, 33.61, 33.43, 33.26, 33.10, 32.95, 32.81, 32.68, 32.55, 32.42, 32.30, 32.19, 32.07, 31.96, 31.85, 31.74, 31.63, 31.52, 31.42, 31.31, 31.20, 31.09, 30.98, 30.86, 30.74, 30.62, 30.50, 30.38, 30.26, 30.14, 30.03, 29.92, 29.82, 29.73, 29.65, 29.57, 29.50, 29.44, 29.41, 29.40, 29.41, 29.46, 29.54, 29.66, 29.83, 30.03, 30.27, 30.54, 30.85, 31.19, 31.55, 31.94, 32.36, 32.79, 33.25, 33.72, 34.22, 34.73, 35.26, 35.81, 36.37, 36.94, 37.52, 38.11, 38.70, 39.31, 39.91, 40.52, 41.13, 41.73, 42.33, 42.92, 43.49, 44.06, 44.61, 45.14, 45.66, 46.17, 46.65, 47.12, 47.56, 47.98, 48.37, 48.74, 49.07, 49.38, 49.66, 49.91, 50.15, 50.37, 50.57, 50.77, 50.96, 51.14, 51.32, 51.49, 51.66, 51.82, 51.98, 52.13, 52.28, 52.42, 52.57, 52.71, 52.85, 53.00, 53.14, 53.28, 53.41, 53.55, 53.68, 53.80, 53.92, 54.04, 54.15, 54.25, 54.35, 54.45, 54.54, 54.62, 54.70, 54.78, 54.85, 54.91, 54.97, 55.02, 55.07, 55.12, 55.16, 55.19, 55.23, 55.25, 55.27, 55.29, 55.30, 55.31, 55.32, 55.32, 55.32, 55.32, 55.32, 55.32, 55.33, 55.34, 55.36, 55.38, 55.41, 55.44, 55.48, 55.51, 55.55, 55.60, 55.64, 55.69, 55.74, 55.79, 55.85, 55.91, 55.96, 56.02, 56.08, 56.14, 56.19, 56.24, 56.30, 56.34, 56.39, 56.44, 56.48, 56.52, 56.55, 56.58, 56.61, 56.64, 56.66, 56.67, 56.68, 56.69, 56.70, 56.70, 56.70, 56.70, 56.70, 56.69, 56.69, 56.69, 56.68, 56.68, 56.67, 56.67, 56.66, 56.66, 56.65, 56.64, 56.63, 56.63, 56.62, 56.61, 56.60, 56.60, 56.59, 56.59, 56.58, 56.58, 56.58, 56.58, 56.58, 56.59, 56.59, 56.60, 56.60, 56.61, 56.62, 56.63, 56.64, 56.65, 56.66, 56.67, 56.69, 56.70, 56.71, 56.73, 56.74, 56.76, 56.77, 56.79, 56.80, 56.82, 56.84, 56.85, 56.87, 56.89, 56.90, 56.92, 56.94, 56.96, 56.99, 57.01, 57.03, 57.05, 57.07, 57.09, 57.11, 57.13, 57.14, 57.15, 57.16, 57.17, 57.18, 57.19, 57.21, 57.24, 57.27, 57.31, 57.36, 57.41, 57.48, 57.55, 57.63, 57.72, 57.83, 57.95, 58.08, 58.22, 58.38, 58.56, 58.74, 58.94, 59.15, 59.37, 59.59, 59.83, 60.07, 60.31, 60.56, 60.81, 61.06, 61.32, 61.57, 61.83, 62.08, 62.33, 62.57, 62.80, 63.03, 63.25, 63.46, 63.66, 63.85, 64.02, 64.19, 64.34, 64.47, 64.59, 64.69, 64.78, 64.84, 64.90, 64.94, 64.96, 64.97, 64.97, 64.96, 64.94, 64.91, 64.86, 64.80, 64.74, 64.67, 64.59, 64.52, 64.45, 64.38, 64.32, 64.26, 64.21, 64.17, 64.13, 64.10, 64.06, 64.03, 64.00, 63.97, 63.94,


