Timing Information
==========================================================
Clip Duration,818,ms
Average RR Duration,818,ms
Enddiastolic frame time,815.323,ms
Endsystolic  frame time,381.487,ms
Reference time,12.702,ms
Trigger time,12.702,ms



Results
==========================================================
Global
----------------------------------------------------------
EDV,330.33,ml
ESV,163.03,ml
SV,167.30,ml
EF,50.65,%

2D
----------------------------------------------------------
RVDd base (RVD1),49.99,mm
RVDd mid (RVD2),69.07,mm
RVLd (RVD3),124.01,mm
TAPSE,34.57,mm
FAC,40.22,%
RVLS (Septum),-17.62,%
RVLS (Freewall),-28.22,%

Curves
==========================================================
Global
Global
Unit [ml]
Time [ ms],  0.00,  9.23, 18.45, 27.68, 36.91, 46.13, 55.36, 64.58, 73.81, 83.04, 92.26, 97.08,101.90,106.72,111.54,116.37,121.19,126.01,130.83,135.65,140.47,145.29,150.11,154.93,159.75,164.57,169.39,174.21,179.03,183.85,188.67,193.49,198.31,203.13,207.95,212.77,217.59,222.41,227.23,232.05,236.88,241.70,246.52,251.34,256.16,260.98,265.80,270.62,275.44,280.26,285.08,289.90,294.72,299.54,304.36,309.18,314.00,318.82,323.64,328.46,333.28,338.10,342.92,347.74,352.56,357.38,362.21,367.03,371.85,376.67,381.49,386.31,391.13,395.95,400.77,405.59,410.41,415.23,420.05,424.87,429.69,434.51,439.33,444.15,448.97,453.79,458.61,463.43,468.25,473.07,477.89,482.72,487.54,492.36,497.18,502.00,506.82,511.64,516.46,521.28,526.10,530.92,535.74,540.56,545.38,550.20,555.02,559.84,564.66,569.48,574.30,579.12,583.94,588.76,593.58,598.41,603.23,608.05,612.87,617.69,622.51,627.33,632.15,636.97,641.79,646.61,651.43,656.25,661.07,665.89,670.71,675.53,680.35,685.17,689.99,694.81,699.63,704.45,709.27,714.09,718.91,723.74,728.56,733.38,738.20,743.02,747.84,752.66,757.48,762.30,767.12,771.94,776.76,781.58,786.40,791.22,796.04,800.86,805.68,810.50,815.32,
 Segment Global,327.15,323.31,319.47,315.62,311.80,308.00,304.25,300.57,296.95,293.43,290.01,286.71,283.54,280.46,277.45,274.50,271.57,268.65,265.70,262.71,259.66,256.52,253.33,250.10,246.85,243.60,240.37,237.18,234.05,231.00,228.05,225.19,222.42,219.74,217.14,214.61,212.16,209.79,207.48,205.23,203.05,200.94,198.90,196.92,195.02,193.18,191.41,189.71,188.07,186.50,184.99,183.54,182.16,180.85,179.59,178.39,177.24,176.15,175.10,174.10,173.15,172.25,171.44,170.69,169.99,169.34,168.73,168.14,167.55,166.97,166.38,165.72,164.99,164.27,163.65,163.21,163.03,163.19,163.78,164.87,166.54,168.86,171.77,175.16,178.95,183.02,187.28,191.64,196.00,200.25,204.30,208.14,211.81,215.33,218.72,221.99,225.15,228.22,231.21,234.13,237.01,239.83,242.56,245.19,247.72,250.12,252.39,254.52,256.48,258.28,259.90,261.33,262.59,263.70,264.67,265.53,266.28,266.95,267.55,268.10,268.62,269.09,269.52,269.93,270.34,270.80,271.31,271.92,272.64,273.51,274.54,275.75,277.10,278.59,280.24,282.05,284.01,286.14,288.44,290.91,293.55,296.42,299.52,302.77,306.10,309.42,312.65,315.74,318.58,321.12,323.27,325.00,326.36,327.42,328.21,328.80,329.22,329.54,329.79,330.04,330.33,


