Timing Information
==========================================================
Clip Duration,1189.26,ms
Average RR Duration,1200,ms
Enddiastolic frame time,17.3187,ms
Endsystolic  frame time,369.101,ms
Reference time,17.3187,ms
Trigger time,-1.79769e+308,ms



Results
==========================================================
Global
----------------------------------------------------------
EDV,83.46,ml
ESV,30.83,ml
SV,52.63,ml
EF,63.06,%

2D
----------------------------------------------------------
RVDd base (RVD1),19.38,mm
RVDd mid (RVD2),28.86,mm
RVLd (RVD3),74.50,mm
TAPSE,22.42,mm
FAC,54.84,%
RVLS (Septum),-26.71,%
RVLS (Freewall),-35.85,%

Curves
==========================================================
Global
Global
Unit [ml]
Time [ ms],  0.00,  9.84, 19.69, 29.54, 39.38, 49.23, 59.07, 68.92, 78.76, 88.61, 98.45,101.53,104.60,107.68,110.75,113.83,116.90,119.98,123.06,126.13,129.21,132.28,135.36,138.44,141.51,144.59,147.66,150.74,153.82,156.89,159.97,163.04,166.12,169.19,172.27,175.35,178.42,181.50,184.57,187.65,190.72,193.80,196.88,199.95,203.03,206.10,209.18,212.26,215.33,218.41,221.48,224.56,227.64,230.71,233.79,236.86,239.94,243.01,246.09,249.17,252.24,255.32,258.39,261.47,264.55,267.62,270.70,273.77,276.85,279.92,283.00,286.08,289.15,292.23,295.30,298.38,301.46,304.53,307.61,310.68,313.76,316.83,319.91,322.99,326.06,329.14,332.21,335.29,338.37,341.44,344.52,347.59,350.67,353.74,356.82,359.90,362.97,366.05,369.12,372.20,375.28,378.35,381.43,384.50,387.58,390.65,393.73,396.81,399.88,402.96,406.03,409.11,412.19,415.26,418.34,421.41,424.49,427.56,430.64,433.72,436.79,439.87,442.94,446.02,449.10,452.17,455.25,458.32,461.40,464.48,467.55,470.63,473.70,476.78,479.85,482.93,486.01,489.08,492.16,495.23,498.31,501.38,504.46,507.54,510.61,513.69,516.76,519.84,522.92,525.99,529.07,532.14,535.22,538.30,541.37,544.45,547.52,550.60,553.67,556.75,559.83,562.90,565.98,569.05,572.13,575.21,578.28,581.36,584.43,587.51,590.58,593.66,596.74,599.81,602.89,605.96,609.04,612.12,615.19,618.27,621.34,624.42,627.49,630.57,633.65,636.72,639.80,642.87,645.95,649.03,652.10,655.18,658.25,661.33,664.40,667.48,670.56,673.63,676.71,679.78,682.86,685.94,689.01,692.09,695.16,698.24,701.31,704.39,707.47,710.54,713.62,716.69,719.77,722.85,725.92,729.00,732.07,735.15,738.22,741.30,744.38,747.45,750.53,753.60,756.68,759.76,762.83,765.91,768.98,772.06,775.13,778.21,781.29,784.36,787.44,790.51,793.59,796.67,799.74,802.82,805.89,808.97,812.04,815.12,818.20,821.27,824.35,827.42,830.50,833.58,836.65,839.73,842.80,845.88,848.96,852.03,855.11,858.18,861.26,864.33,867.41,870.49,873.56,876.64,879.71,882.79,885.86,888.94,892.02,895.09,898.17,901.24,904.32,907.40,910.47,913.55,916.62,919.70,922.78,925.85,928.93,932.00,935.08,938.15,941.23,944.31,947.38,950.46,953.53,956.61,959.69,962.76,965.84,968.91,971.99,975.06,978.14,981.22,984.29,987.37,990.44,993.52,996.60,999.67,1002.75,1005.82,1008.90,1011.97,1015.05,1018.13,1021.20,1024.28,1027.35,1030.43,1033.51,1036.58,1039.66,1042.73,1045.81,1048.88,1051.96,1055.04,1058.11,1061.19,1064.26,1067.34,1070.42,1073.49,1076.57,1079.64,1082.72,1085.79,1088.87,1091.95,1095.02,1098.10,1101.17,1104.25,1107.33,1110.40,1113.48,1116.55,1119.63,1122.70,1125.78,1128.86,1131.93,1135.01,1138.08,1141.16,1144.24,1147.31,1150.39,1153.46,1156.54,1159.62,1162.69,1165.77,1168.84,1171.92,1174.99,
 Segment Global, 83.46, 81.98, 80.48, 78.99, 77.52, 76.11, 74.77, 73.52, 72.39, 71.39, 70.56, 69.91, 69.44, 69.11, 68.90, 68.77, 68.68, 68.62, 68.54, 68.41, 68.20, 67.91, 67.55, 67.13, 66.67, 66.19, 65.69, 65.18, 64.69, 64.21, 63.78, 63.37, 62.99, 62.62, 62.26, 61.90, 61.55, 61.18, 60.81, 60.42, 60.00, 59.56, 59.11, 58.64, 58.15, 57.64, 57.12, 56.59, 56.04, 55.48, 54.90, 54.31, 53.70, 53.09, 52.46, 51.83, 51.19, 50.55, 49.91, 49.28, 48.65, 48.03, 47.41, 46.80, 46.20, 45.61, 45.04, 44.47, 43.93, 43.40, 42.89, 42.40, 41.93, 41.49, 41.06, 40.65, 40.25, 39.87, 39.50, 39.15, 38.80, 38.47, 38.15, 37.84, 37.54, 37.25, 36.98, 36.71, 36.45, 36.21, 35.97, 35.74, 35.52, 35.31, 35.10, 34.91, 34.72, 34.53, 34.35, 34.18, 34.01, 33.84, 33.68, 33.53, 33.38, 33.23, 33.08, 32.93, 32.78, 32.63, 32.47, 32.30, 32.13, 31.95, 31.78, 31.62, 31.46, 31.31, 31.18, 31.07, 30.98, 30.91, 30.86, 30.83, 30.83, 30.86, 30.91, 30.99, 31.10, 31.25, 31.43, 31.64, 31.89, 32.18, 32.49, 32.85, 33.23, 33.66, 34.11, 34.61, 35.13, 35.70, 36.30, 36.93, 37.60, 38.28, 38.98, 39.70, 40.43, 41.17, 41.90, 42.64, 43.38, 44.13, 44.87, 45.62, 46.36, 47.10, 47.84, 48.57, 49.30, 50.01, 50.73, 51.43, 52.13, 52.82, 53.50, 54.19, 54.87, 55.55, 56.23, 56.91, 57.58, 58.25, 58.92, 59.58, 60.23, 60.89, 61.55, 62.21, 62.87, 63.53, 64.21, 64.88, 65.53, 66.17, 66.77, 67.33, 67.84, 68.30, 68.68, 68.99, 69.23, 69.41, 69.54, 69.62, 69.67, 69.67, 69.66, 69.62, 69.56, 69.50, 69.41, 69.31, 69.20, 69.07, 68.93, 68.78, 68.63, 68.47, 68.30, 68.14, 67.97, 67.80, 67.63, 67.47, 67.31, 67.15, 67.00, 66.85, 66.72, 66.59, 66.47, 66.36, 66.25, 66.16, 66.08, 66.01, 65.95, 65.91, 65.88, 65.86, 65.86, 65.88, 65.90, 65.93, 65.96, 66.00, 66.04, 66.07, 66.11, 66.14, 66.16, 66.18, 66.20, 66.22, 66.23, 66.23, 66.24, 66.23, 66.23, 66.21, 66.19, 66.17, 66.14, 66.10, 66.07, 66.03, 65.99, 65.94, 65.90, 65.86, 65.82, 65.77, 65.73, 65.69, 65.65, 65.60, 65.56, 65.52, 65.48, 65.43, 65.39, 65.35, 65.32, 65.28, 65.24, 65.21, 65.18, 65.16, 65.14, 65.12, 65.11, 65.10, 65.10, 65.09, 65.10, 65.10, 65.11, 65.11, 65.13, 65.14, 65.16, 65.17, 65.20, 65.22, 65.24, 65.26, 65.28, 65.30, 65.32, 65.33, 65.34, 65.35, 65.36, 65.38, 65.40, 65.42, 65.45, 65.48, 65.52, 65.57, 65.63, 65.69, 65.77, 65.86, 65.98, 66.10, 66.26, 66.43, 66.63, 66.86, 67.10, 67.37, 67.67, 68.00, 68.36, 68.76, 69.20, 69.69, 70.22, 70.80, 71.44, 72.11, 72.81, 73.53, 74.25, 74.97, 75.67, 76.35, 76.99, 77.60, 78.18, 78.73, 79.24, 79.72, 80.16, 80.57, 80.94, 81.27, 81.55, 81.79, 81.99, 82.15, 82.27, 82.37, 82.44, 82.50, 82.56, 82.60, 82.65,


