Timing Information
==========================================================
Clip Duration,968,ms
Average RR Duration,968,ms
Enddiastolic frame time,960.005,ms
Endsystolic  frame time,471.845,ms
Reference time,1.541,ms
Trigger time,1.541,ms



Results
==========================================================
Global
----------------------------------------------------------
EDV,263.41,ml
ESV,160.65,ml
SV,102.76,ml
EF,39.01,%

2D
----------------------------------------------------------
RVDd base (RVD1),34.58,mm
RVDd mid (RVD2),65.63,mm
RVLd (RVD3),103.18,mm
TAPSE,17.68,mm
FAC,30.04,%
RVLS (Septum),-9.85,%
RVLS (Freewall),-21.65,%

Curves
==========================================================
Global
Global
Unit [ml]
Time [ ms],  0.00,  8.13, 16.26, 24.40, 32.53, 40.66, 48.79, 56.92, 65.05, 73.19, 81.32, 86.20, 91.08, 95.96,100.84,105.73,110.61,115.49,120.37,125.25,130.13,135.01,139.90,144.78,149.66,154.54,159.42,164.30,169.19,174.07,178.95,183.83,188.71,193.59,198.48,203.36,208.24,213.12,218.00,222.88,227.77,232.65,237.53,242.41,247.29,252.17,257.05,261.94,266.82,271.70,276.58,281.46,286.34,291.23,296.11,300.99,305.87,310.75,315.63,320.52,325.40,330.28,335.16,340.04,344.92,349.81,354.69,359.57,364.45,369.33,374.21,379.09,383.98,388.86,393.74,398.62,403.50,408.38,413.27,418.15,423.03,427.91,432.79,437.67,442.56,447.44,452.32,457.20,462.08,466.96,471.85,476.73,481.61,486.49,491.37,496.25,501.13,506.02,510.90,515.78,520.66,525.54,530.42,535.31,540.19,545.07,549.95,554.83,559.71,564.60,569.48,574.36,579.24,584.12,589.00,593.88,598.77,603.65,608.53,613.41,618.29,623.17,628.06,632.94,637.82,642.70,647.58,652.46,657.35,662.23,667.11,671.99,676.87,681.75,686.64,691.52,696.40,701.28,706.16,711.04,715.93,720.81,725.69,730.57,735.45,740.33,745.21,750.10,754.98,759.86,764.74,769.62,774.50,779.39,784.27,789.15,794.03,798.91,803.79,808.68,813.56,818.44,823.32,828.20,833.08,837.97,842.85,847.73,852.61,857.49,862.37,867.25,872.14,877.02,881.90,886.78,891.66,896.54,901.43,906.31,911.19,916.07,920.95,925.83,930.72,935.60,940.48,945.36,950.24,955.12,960.00,
 Segment Global,263.25,262.29,261.34,260.38,259.42,258.43,257.42,256.36,255.25,254.08,252.84,251.52,250.13,248.67,247.17,245.63,244.08,242.52,240.96,239.43,237.94,236.48,235.05,233.65,232.27,230.91,229.56,228.24,226.92,225.61,224.32,223.03,221.76,220.51,219.26,218.01,216.76,215.49,214.21,212.91,211.58,210.22,208.84,207.43,206.01,204.58,203.15,201.72,200.29,198.88,197.49,196.12,194.76,193.41,192.09,190.78,189.50,188.24,187.01,185.81,184.65,183.52,182.42,181.36,180.33,179.33,178.34,177.37,176.41,175.46,174.51,173.56,172.63,171.71,170.81,169.93,169.06,168.21,167.39,166.59,165.81,165.06,164.33,163.64,162.99,162.40,161.88,161.44,161.08,160.83,160.68,160.65,160.71,160.88,161.16,161.55,162.06,162.68,163.44,164.32,165.34,166.51,167.80,169.21,170.72,172.31,173.97,175.66,177.39,179.12,180.84,182.55,184.27,185.96,187.64,189.27,190.85,192.38,193.82,195.19,196.45,197.61,198.67,199.63,200.49,201.28,201.99,202.63,203.20,203.72,204.19,204.60,204.95,205.25,205.51,205.74,205.94,206.12,206.30,206.49,206.68,206.90,207.15,207.41,207.68,207.97,208.25,208.52,208.79,209.04,209.26,209.47,209.65,209.84,210.04,210.27,210.54,210.86,211.24,211.71,212.28,212.92,213.65,214.45,215.36,216.36,217.48,218.73,220.11,221.64,223.33,225.19,227.22,229.39,231.67,234.01,236.38,238.75,241.09,243.36,245.52,247.56,249.51,251.38,253.19,254.94,256.65,258.34,260.02,261.70,263.41,


