Timing Information
==========================================================
Clip Duration,840,ms
Average RR Duration,840,ms
Enddiastolic frame time,825.014,ms
Endsystolic  frame time,322.742,ms
Reference time,36.913,ms
Trigger time,36.913,ms



Results
==========================================================
Global
----------------------------------------------------------
EDV,131.55,ml
EDVi,73.95,ml/m²
ESV,73.40,ml
ESVi,41.26,ml/m²
SV,58.15,ml
EF,44.21,%

2D
----------------------------------------------------------
RVDd base (RVD1),23.99,mm
RVDd mid (RVD2),33.52,mm
RVLd (RVD3),94.09,mm
TAPSE,10.20,mm
FAC,35.74,%
RVLS (Septum),-16.75,%
RVLS (Freewall),-18.42,%

Curves
==========================================================
Global
Global
Unit [ml]
Time [ ms],  0.00,  5.02, 10.05, 15.07, 20.09, 25.11, 30.14, 35.16, 40.18, 45.20, 50.23, 57.39, 64.55, 71.71, 78.87, 86.03, 93.19,100.35,107.51,114.67,121.83,126.86,131.88,136.90,141.92,146.95,151.97,156.99,162.01,167.04,172.06,177.08,182.11,187.13,192.15,197.17,202.20,207.22,212.24,217.27,222.29,227.31,232.33,237.36,242.38,247.40,252.42,257.45,262.47,267.49,272.51,277.54,282.56,287.58,292.61,297.63,302.65,307.67,312.70,317.72,322.74,327.76,332.79,337.81,342.83,347.86,352.88,357.90,362.92,367.95,372.97,377.99,383.01,388.04,393.06,398.08,403.11,408.13,413.15,418.17,423.20,428.22,433.24,438.26,443.29,448.31,453.33,458.36,463.38,468.40,473.42,478.45,483.47,488.49,493.51,498.54,503.56,508.58,513.61,518.63,523.65,528.67,533.70,538.72,543.74,548.76,553.79,558.81,563.83,568.86,573.88,578.90,583.92,588.95,593.97,598.99,604.01,609.04,614.06,619.08,624.11,629.13,634.15,639.17,644.20,649.22,654.24,659.26,664.29,669.31,674.33,679.35,684.38,689.40,694.42,699.45,704.47,709.49,714.51,719.54,724.56,729.58,734.61,739.63,744.65,749.67,754.70,759.72,764.74,769.76,774.79,779.81,784.83,789.86,794.88,799.90,804.92,809.95,814.97,819.99,825.01,830.04,835.06,840.08,845.10,850.13,855.15,860.17,865.20,870.22,875.24,
 Segment Global,121.62,121.75,121.90,122.05,122.16,122.22,122.21,122.10,121.86,121.48,120.94,120.20,119.28,118.22,117.03,115.76,114.42,113.06,111.70,110.36,109.09,107.87,106.70,105.57,104.47,103.41,102.38,101.38,100.42, 99.48, 98.57, 97.69, 96.86, 96.06, 95.29, 94.54, 93.79, 93.05, 92.31, 91.55, 90.76, 89.96, 89.15, 88.32, 87.49, 86.64, 85.79, 84.92, 84.05, 83.18, 82.30, 81.40, 80.50, 79.60, 78.71, 77.86, 77.05, 76.30, 75.61, 75.01, 74.50, 74.10, 73.78, 73.56, 73.43, 73.40, 73.46, 73.62, 73.88, 74.24, 74.70, 75.25, 75.90, 76.65, 77.49, 78.42, 79.45, 80.57, 81.78, 83.08, 84.47, 85.95, 87.51, 89.15, 90.83, 92.55, 94.28, 96.02, 97.75, 99.44,101.09,102.71,104.30,105.84,107.31,108.69,109.96,111.10,112.08,112.89,113.50,113.88,114.06,114.07,113.93,113.70,113.39,113.05,112.70,112.40,112.16,112.00,111.89,111.85,111.85,111.89,111.98,112.10,112.25,112.43,112.62,112.83,113.06,113.32,113.63,114.00,114.43,114.95,115.57,116.31,117.16,118.17,119.32,120.57,121.88,123.21,124.53,125.78,126.95,127.98,128.83,129.49,129.98,130.32,130.54,130.67,130.73,130.75,130.76,130.77,130.83,130.92,131.04,131.16,131.29,131.40,131.49,131.54,131.55,131.50,131.38,131.20,130.96,130.67,130.34,129.98,129.60,129.19,128.78,128.36,127.94,


