Beutel,Total Volume,Total Surface Area,Total Curvature,Volume Inferior Free Wall,Volume Lateral Free Wall,Volume Anterior Free Wall,Volume Septal Body,Surface Area Inferior Free Wall,Surface Area Lateral Free Wall,Surface Area Anterior Free Wall,Surface Area Septal Body,Curvature Inferior Free Wall,Curvature Lateral Free Wall,Curvature Anterior Free Wall,Curvature Septal Body,Minimum Curvature,Maximum Curvature

0, 143.007, 16639.5, 1.05926, 31.2252, 37.6076, 31.3241, 42.6861, 3633.2, 4375.83, 3644.71, 4966.73, 1.29276, 0.801758, 1.40232, 0.941565, -2.31653, 7.7011
1, 132.355, 16083.1, 1.08597, 27.9435, 35.2442, 29.1226, 39.8925, 3395.54, 4282.68, 3538.82, 4847.52, 1.30619, 0.855373, 1.39844, 0.971027, -2.11457, 7.89003
2, 139.803, 16463, 1.08234, 29.6748, 38.3019, 30.5656, 41.1044, 3494.46, 4510.38, 3599.37, 4840.4, 1.30099, 0.853346, 1.40784, 0.959183, -2.18729, 7.77682
3, 138.901, 16359.2, 1.07619, 29.6403, 38.0301, 30.1667, 40.9058, 3490.91, 4479.02, 3552.9, 4817.7, 1.3025, 0.850935, 1.40682, 0.942315, -2.18484, 7.72756
4, 130.464, 15841.1, 1.08197, 27.5662, 35.5156, 28.5186, 38.7108, 3347.12, 4312.34, 3462.76, 4700.31, 1.30597, 0.868133, 1.39499, 0.950099, -2.10865, 7.7864
5, 119.366, 15132.5, 1.09544, 24.7658, 32.409, 26.2534, 35.793, 3139.65, 4108.59, 3328.23, 4537.6, 1.32393, 0.897412, 1.37347, 0.968142, -1.9964, 7.86738
6, 110.083, 14503.1, 1.10569, 22.4119, 29.8844, 24.3458, 33.3031, 2952.69, 3937.17, 3207.48, 4387.58, 1.33764, 0.932181, 1.356, 0.971783, -1.92495, 7.95268
7, 102.61, 13994.2, 1.11539, 20.5683, 27.9556, 22.7489, 31.2053, 2805.13, 3812.63, 3102.53, 4255.83, 1.35683, 0.955835, 1.33927, 0.979703, -1.88969, 8.02444
8, 96.4566, 13587.2, 1.12623, 19.0273, 26.4221, 21.3928, 29.4872, 2680.25, 3721.9, 3013.45, 4153.66, 1.38132, 0.976432, 1.32858, 0.987034, -1.86176, 8.12865
9, 90.6017, 13222.8, 1.13846, 17.6459, 24.8537, 20.0436, 27.9365, 2575.32, 3627.25, 2925.24, 4077.17, 1.41428, 0.989368, 1.31793, 1.00022, -1.84866, 8.26137
10, 86.6323, 12945.8, 1.15073, 16.7688, 23.6989, 19.1446, 26.9011, 2505.82, 3541.43, 2860.85, 4019.94, 1.43252, 0.996468, 1.30534, 1.02826, -1.83627, 8.32936
11, 84.489, 12771.2, 1.15767, 16.22, 23.1468, 18.6902, 26.3144, 2451.78, 3498.81, 2825.17, 3977.62, 1.43931, 1.00416, 1.2949, 1.04495, -1.82596, 8.34827
12, 82.176, 12550.3, 1.14438, 15.6087, 22.6008, 18.2722, 25.5774, 2383.83, 3451.69, 2790.61, 3906.29, 1.44135, 1.01787, 1.28238, 0.999108, -1.84895, 8.36766
13, 81.9473, 12423.5, 1.13751, 15.509, 22.5359, 18.4382, 25.3454, 2351.23, 3416.53, 2795.3, 3842.47, 1.4092, 1.03448, 1.26479, 0.993082, -1.86869, 8.28514
14, 87.2755, 12762.1, 1.12656, 16.7252, 23.9585, 19.7177, 26.7511, 2445.7, 3503.4, 2883.28, 3911.77, 1.36799, 1.02736, 1.28081, 0.980331, -1.87294, 8.12164
15, 99.3596, 13476.4, 1.09083, 19.8487, 26.5561, 22.566, 30.255, 2692.14, 3601.88, 3060.69, 4103.57, 1.28909, 0.98874, 1.29588, 0.941925, -1.95027, 7.79713
16, 112.43, 14268.3, 1.06909, 23.2841, 29.3008, 25.6182, 34.0819, 2954.94, 3718.51, 3251.16, 4325.27, 1.24031, 0.945105, 1.31019, 0.933256, -2.09663, 7.57665
17, 117.177, 14718.1, 1.07001, 24.4888, 30.4052, 26.5276, 35.6087, 3075.92, 3819.06, 3332.01, 4472.65, 1.25693, 0.91177, 1.33233, 0.941916, -2.1187, 7.68528
18, 119.541, 14925.4, 1.07248, 24.9446, 31.3434, 26.9648, 36.14, 3114.5, 3913.43, 3366.73, 4512.31, 1.26175, 0.908246, 1.33733, 0.946691, -2.08985, 7.68305
19, 120.48, 14969, 1.06969, 25.1296, 31.7147, 27.1041, 36.3821, 3122.24, 3940.41, 3367.57, 4520.31, 1.25845, 0.905017, 1.33601, 0.943683, -2.0842, 7.64065
20, 119.358, 14932.1, 1.07076, 24.8056, 31.4627, 26.7674, 36.1736, 3103.28, 3936.09, 3348.71, 4525.45, 1.26446, 0.902963, 1.33037, 0.948589, -2.05765, 7.63957
21, 119.278, 14920.9, 1.07132, 24.6932, 31.5257, 26.768, 36.1422, 3088.98, 3943.68, 3348.52, 4521.18, 1.26145, 0.906827, 1.32994, 0.948954, -2.04805, 7.63298
22, 119.579, 14940.9, 1.07219, 24.6504, 31.6914, 26.8905, 36.1984, 3079.97, 3959.72, 3359.86, 4522.84, 1.25781, 0.913002, 1.33265, 0.946767, -2.04117, 7.64266
23, 120.114, 14982.5, 1.0749, 24.6598, 31.8726, 27.0756, 36.3585, 3075.96, 3975.65, 3377.28, 4535.2, 1.25411, 0.918526, 1.33774, 0.949363, -2.04068, 7.66826
24, 121.431, 15046.2, 1.07227, 24.9398, 32.1441, 27.4503, 36.7479, 3090.25, 3982.91, 3401.31, 4553.37, 1.24394, 0.91931, 1.33567, 0.94783, -2.05677, 7.62959
25, 122.703, 15107.9, 1.0691, 25.2355, 32.397, 27.7854, 37.1357, 3107.12, 3988.89, 3421.09, 4572.34, 1.23404, 0.918255, 1.33258, 0.946691, -2.07022, 7.5888
26, 123.826, 15162.3, 1.06924, 25.5262, 32.6273, 28.062, 37.4593, 3125.66, 3995.18, 3436.16, 4586.85, 1.22801, 0.916002, 1.33173, 0.953074, -2.08603, 7.56038
27, 124.525, 15202.5, 1.06857, 25.7036, 32.7861, 28.2219, 37.662, 3138, 4002.65, 3445.43, 4597.92, 1.2266, 0.914498, 1.33364, 0.95202, -2.09456, 7.55698
28, 125.22, 15259.9, 1.07073, 25.8067, 33.036, 28.3737, 37.8523, 3144.92, 4025.91, 3457.75, 4612.85, 1.22669, 0.916329, 1.3385, 0.954048, -2.09245, 7.57327
29, 126.426, 15327.6, 1.07016, 26.0786, 33.4235, 28.6496, 38.1222, 3161.7, 4052.17, 3473.4, 4621.83, 1.2241, 0.916323, 1.34098, 0.952358, -2.0964, 7.5584
30, 128.775, 15496.6, 1.0661, 26.748, 34.0464, 29.0786, 38.7486, 3218.82, 4097.08, 3499.27, 4662.94, 1.23084, 0.904634, 1.34951, 0.941118, -2.12192, 7.56402
31, 135.904, 16015, 1.05993, 28.7197, 35.6213, 30.5922, 40.8143, 3384.34, 4197.63, 3605, 4809.58, 1.2396, 0.864491, 1.36771, 0.941027, -2.21753, 7.5904
32, 143.685, 16640.2, 1.05948, 31.1274, 37.7444, 31.7303, 42.9199, 3604.89, 4371.2, 3674.7, 4970.58, 1.27125, 0.817249, 1.39644, 0.944862, -2.31443, 7.68082
33, 145.732, 16833.8, 1.06077, 31.8433, 38.458, 31.8816, 43.3851, 3678.28, 4442.35, 3682.7, 5011.48, 1.28753, 0.802208, 1.40548, 0.946913, -2.32098, 7.73025

Global Area Strain, Inferior Free Wall Area Strain, Lateral Free Wall Area Strain, Anterior Free Wall Area Strain, Septal Body Area Strain 
-26.1989, -36.078, -23.0918, -24.0964, -23.3268, 

Global Longitudinal Strain, Inferior Free Wall Longitudinal Strain, Lateral Free Wall Longitudinal Strain, Anterior Free Wall Longitudinal Strain, Septal Body Longitudinal Strain
-5.24757, -0.188221, -1.23423, -16.1749, -13.0743, 

Global Radial Strain, Inferior Free Wall Radial Strain, Lateral Free Wall Radial Strain, Anterior Free Wall Radial Strain, Septal Body Radial Strain
-10.9449, -14.0867, -15.0383, -15.6692, -7.66034, 

Global Circumferential Strain, Inferior Free Wall Circumferential Strain, Lateral Free Wall Circumferential Strain, Anterior Free Wall Circumferential Strain, Septal Body Circumferential Strain
-8.07227, -11.128, -11.108, -2.35809, -7.74254, 

