Beutel,Total Volume,Total Surface Area,Total Curvature,Volume Inferior Free Wall,Volume Lateral Free Wall,Volume Anterior Free Wall,Volume Septal Body,Surface Area Inferior Free Wall,Surface Area Lateral Free Wall,Surface Area Anterior Free Wall,Surface Area Septal Body,Curvature Inferior Free Wall,Curvature Lateral Free Wall,Curvature Anterior Free Wall,Curvature Septal Body,Minimum Curvature,Maximum Curvature
0, 289.057, 24068.1, 0.996064, 56.4375, 77.4268, 77.35, 77.4131, 4699.21, 6446.87, 6440.48, 6445.73, 1.27179, 0.95074, 1.03626, 0.851413, -1.57859, 4.25127
1, 289.875, 24111.3, 1.00467, 55.6239, 78.9059, 77.9308, 76.9937, 4626.7, 6563.25, 6482.14, 6404.2, 1.26208, 0.964569, 1.04364, 0.866858, -1.61391, 4.31425
2, 290.183, 24147.4, 1.01171, 54.842, 80.2637, 78.1265, 76.5382, 4563.63, 6679.07, 6501.23, 6369.06, 1.24905, 0.978524, 1.04993, 0.880038, -1.65243, 4.35937
3, 292.255, 24292.2, 1.01297, 55.0568, 81.3148, 78.9267, 76.5377, 4576.3, 6758.86, 6560.36, 6361.79, 1.24249, 0.982431, 1.05435, 0.881676, -1.67908, 4.38738
4, 289.849, 24179.7, 1.01074, 54.7657, 80.8629, 78.0114, 75.7899, 4568.64, 6745.72, 6507.84, 6322.52, 1.2413, 0.981423, 1.0552, 0.875958, -1.66832, 4.33503
5, 282.707, 23707.2, 1.00353, 53.9084, 78.707, 75.5378, 74.1411, 4520.65, 6600.21, 6334.45, 6217.33, 1.22426, 0.981009, 1.05614, 0.863777, -1.63246, 4.23523
6, 273.106, 23049.5, 0.989011, 52.7669, 74.5091, 73.117, 72.3037, 4453.41, 6288.4, 6170.91, 6102.26, 1.16573, 0.979146, 1.05702, 0.854706, -1.55327, 4.07856
7, 269.459, 22801.2, 0.984499, 52.3, 73.261, 72.0773, 71.4124, 4425.55, 6199.24, 6099.07, 6042.81, 1.14681, 0.978014, 1.05726, 0.852811, -1.55129, 4.04777
8, 266.212, 22577.4, 0.982823, 51.8472, 72.2586, 71.1147, 70.583, 4397.16, 6128.26, 6031.24, 5986.15, 1.12763, 0.977626, 1.05714, 0.85925, -1.54678, 4.02354
9, 259.942, 22192.4, 0.983672, 51.223, 69.6548, 69.3151, 69.3438, 4373.13, 5946.72, 5917.73, 5920.17, 1.11238, 0.98043, 1.06104, 0.865929, -1.46985, 3.95672
10, 255.361, 21901.4, 0.979482, 50.6372, 68.0151, 67.9348, 68.3697, 4342.97, 5833.41, 5826.52, 5863.82, 1.0931, 0.978611, 1.06291, 0.864841, -1.45841, 3.93217
11, 249.321, 21536.7, 0.97513, 49.841, 65.9982, 66.1038, 66.9772, 4305.32, 5701, 5710.12, 5785.57, 1.07341, 0.974951, 1.06751, 0.863463, -1.43713, 3.90525
12, 243.727, 21200.3, 0.971241, 49.0951, 64.1152, 64.3795, 65.7389, 4270.47, 5576.97, 5599.97, 5718.21, 1.05576, 0.971747, 1.07308, 0.861342, -1.42128, 3.88564
13, 238.386, 20897.8, 0.969252, 48.3014, 62.4677, 62.727, 64.4953, 4234.29, 5476.16, 5498.89, 5653.9, 1.04236, 0.968685, 1.07993, 0.861634, -1.40657, 3.87601
14, 233.665, 20634.6, 0.967244, 47.5795, 60.9728, 61.2557, 63.4652, 4201.67, 5384.42, 5409.4, 5604.52, 1.03079, 0.964474, 1.08892, 0.860524, -1.40386, 3.87473
15, 228.492, 20336, 0.96492, 46.8226, 59.1602, 59.6723, 62.4477, 4167.26, 5265.31, 5310.89, 5557.9, 1.01754, 0.960045, 1.0929, 0.862593, -1.39648, 3.86403
16, 223.51, 20052.2, 0.962592, 46.0481, 57.2855, 58.224, 61.5651, 4131.2, 5139.36, 5223.55, 5523.3, 1.00424, 0.955581, 1.0992, 0.863333, -1.40261, 3.86465
17, 218.469, 19731.8, 0.959002, 45.2501, 55.2232, 56.8208, 60.7881, 4086.93, 4987.69, 5131.99, 5490.3, 0.986926, 0.954216, 1.097, 0.864955, -1.41283, 3.84889
18, 214.595, 19471.8, 0.955709, 44.4916, 53.4725, 55.8758, 60.3694, 4037.05, 4851.95, 5070.02, 5477.76, 0.968268, 0.954486, 1.09592, 0.866184, -1.43502, 3.84421
19, 212.938, 19342.6, 0.955885, 43.885, 52.2465, 55.7243, 60.6957, 3986.37, 4745.9, 5061.81, 5513.39, 0.950047, 0.958845, 1.08942, 0.877389, -1.44611, 3.83924
20, 213.373, 19345.8, 0.958689, 43.6858, 51.8665, 56.1239, 61.3075, 3960.84, 4702.56, 5088.56, 5558.54, 0.938687, 0.961147, 1.08502, 0.893113, -1.44645, 3.84141
21, 215.825, 19514.6, 0.95932, 44.1026, 52.5858, 56.8839, 61.8644, 3987.7, 4754.74, 5143.38, 5593.71, 0.947886, 0.956495, 1.08752, 0.892209, -1.44007, 3.84392
22, 220.822, 19853, 0.964153, 45.0518, 54.2843, 58.3075, 62.7899, 4050.38, 4880.43, 5242.14, 5645.13, 0.969287, 0.949752, 1.09246, 0.897331, -1.42292, 3.84963
23, 229.411, 20377.3, 0.96757, 46.5934, 56.8178, 60.794, 64.8111, 4138.63, 5046.81, 5399.99, 5756.82, 0.99565, 0.946014, 1.08483, 0.900171, -1.40141, 3.84314
24, 238.889, 20957.7, 0.972666, 48.2179, 59.7216, 63.5665, 66.9818, 4230.15, 5239.36, 5576.67, 5876.3, 1.02857, 0.94386, 1.07841, 0.902221, -1.39695, 3.85689
25, 247.793, 21449.5, 0.974185, 49.8615, 62.3847, 66.1137, 69.0231, 4316.13, 5400.17, 5722.95, 5974.8, 1.05772, 0.944741, 1.06403, 0.897726, -1.40504, 3.86399
26, 256.036, 21906.8, 0.976034, 51.3279, 64.8519, 68.4663, 70.973, 4391.69, 5548.83, 5858.08, 6072.55, 1.08653, 0.949526, 1.05055, 0.890544, -1.42841, 3.88917
27, 261.511, 22198.6, 0.977481, 52.0998, 66.7601, 70.0882, 72.1428, 4422.54, 5666.99, 5949.5, 6123.9, 1.10154, 0.955814, 1.04322, 0.885189, -1.44902, 3.91224
28, 265.804, 22413.9, 0.978009, 52.6487, 68.2039, 71.3561, 73.1719, 4439.58, 5751.27, 6017.07, 6170.19, 1.10811, 0.962439, 1.03553, 0.881853, -1.46796, 3.93058
29, 267.971, 22552.8, 0.979695, 52.9085, 69.1056, 71.9639, 73.5688, 4452.86, 5816.03, 6056.59, 6191.66, 1.11893, 0.963313, 1.03591, 0.87972, -1.47197, 3.95152
30, 269.3, 22637.1, 0.980834, 53.0655, 69.6504, 72.3204, 73.8398, 4460.62, 5854.73, 6079.17, 6206.89, 1.12395, 0.963947, 1.03579, 0.879793, -1.47232, 3.96142
31, 269.831, 22677.4, 0.98275, 52.9504, 69.9404, 72.5521, 73.964, 4450.12, 5878.01, 6097.51, 6216.17, 1.12074, 0.966418, 1.0374, 0.884383, -1.46678, 3.97125
32, 270.268, 22721.6, 0.984905, 52.8719, 70.1769, 72.7154, 74.0805, 4444.97, 5899.82, 6113.22, 6227.99, 1.11936, 0.968016, 1.03964, 0.889017, -1.4578, 3.97948
33, 272.332, 22873.8, 0.987058, 53.2587, 70.7706, 73.2371, 74.6401, 4473.31, 5944.17, 6151.33, 6269.18, 1.13235, 0.964301, 1.0388, 0.891711, -1.45949, 3.99629
34, 275.141, 23081.9, 0.989897, 53.8192, 71.6177, 73.9355, 75.3396, 4514.96, 6008.09, 6202.53, 6320.33, 1.15322, 0.95831, 1.03831, 0.893674, -1.46472, 4.02214
35, 281.298, 23507.4, 0.992621, 54.5881, 73.451, 75.9719, 76.8576, 4561.8, 6138.13, 6348.79, 6422.81, 1.18738, 0.938787, 1.03978, 0.898055, -1.52375, 4.08551
36, 285.475, 23805, 0.992605, 55.3888, 74.6075, 76.9699, 78.0754, 4618.73, 6221.33, 6418.32, 6510.51, 1.21275, 0.93874, 1.03598, 0.885612, -1.54392, 4.13671
37, 289.811, 24106.3, 0.998381, 56.0778, 76.1587, 78.1077, 79.0288, 4664.53, 6334.85, 6496.96, 6573.58, 1.24852, 0.933551, 1.03607, 0.886813, -1.55364, 4.21052
38, 291.38, 24269.3, 1.00295, 56.4216, 76.9744, 78.3183, 79.2287, 4699.42, 6411.28, 6523.22, 6599.04, 1.27096, 0.932948, 1.03762, 0.88727, -1.54934, 4.24744
39, 292.625, 24364.7, 1.00455, 56.6894, 77.8813, 78.5418, 79.0757, 4720.1, 6484.6, 6539.59, 6584.04, 1.28354, 0.934985, 1.04177, 0.880618, -1.55714, 4.28974
40, 291.57, 24305, 1.00076, 56.5347, 78.0049, 78.1681, 78.4295, 4712.69, 6502.43, 6516.03, 6537.81, 1.28598, 0.939275, 1.04382, 0.862811, -1.56341, 4.28513
41, 290.646, 24214.6, 0.998567, 56.5618, 77.8016, 77.8486, 78.0026, 4712.33, 6481.88, 6485.8, 6498.63, 1.28641, 0.943603, 1.04171, 0.85343, -1.56979, 4.27812

Global Area Strain, Inferior Free Wall Area Strain, Lateral Free Wall Area Strain, Anterior Free Wall Area Strain, Septal Body Area Strain 
-20.612, -15.5448, -26.8126, -22.5975, -16.2613, 

Global Longitudinal Strain, Inferior Free Wall Longitudinal Strain, Lateral Free Wall Longitudinal Strain, Anterior Free Wall Longitudinal Strain, Septal Body Longitudinal Strain
-8.95464, -11.7078, -6.01201, -14.5007, -10.6089, 

Global Radial Strain, Inferior Free Wall Radial Strain, Lateral Free Wall Radial Strain, Anterior Free Wall Radial Strain, Septal Body Radial Strain
-6.08821, 2.03417, -10.0021, -11.9144, -5.42901, 

Global Circumferential Strain, Inferior Free Wall Circumferential Strain, Lateral Free Wall Circumferential Strain, Anterior Free Wall Circumferential Strain, Septal Body Circumferential Strain
-6.91434, -14.1938, -8.78785, -0.204951, -4.6372, 