Beutel,Total Volume,Total Surface Area,Total Curvature,Volume Inferior Free Wall,Volume Lateral Free Wall,Volume Anterior Free Wall,Volume Septal Body,Surface Area Inferior Free Wall,Surface Area Lateral Free Wall,Surface Area Anterior Free Wall,Surface Area Septal Body,Curvature Inferior Free Wall,Curvature Lateral Free Wall,Curvature Anterior Free Wall,Curvature Septal Body,Minimum Curvature,Maximum Curvature

0, 386.454, 32014.8, 1.01517, 82.2314, 112.422, 83.3871, 107.856, 6812.25, 9313.28, 6907.99, 8935.02, 1.26195, 0.879989, 1.35442, 0.786892, -2.25024, 6.65691
1, 368.707, 31642.3, 1.02942, 78.5588, 107.416, 78.3138, 103.885, 6741.9, 9218.46, 6720.87, 8915.36, 1.28508, 0.87094, 1.36818, 0.816302, -2.2064, 6.81283
2, 359.888, 31162.3, 1.01672, 77.3533, 103.607, 76.7564, 101.64, 6697.93, 8971.17, 6646.25, 8800.87, 1.27794, 0.865425, 1.35401, 0.795071, -2.22513, 6.80124
3, 343.41, 30062.5, 0.962395, 74.5529, 98.3801, 73.7636, 96.1905, 6526.43, 8612.29, 6457.33, 8420.61, 1.26636, 0.86318, 1.32427, 0.656609, -2.60322, 6.49705
4, 328.73, 29098.5, 0.949744, 71.9723, 93.424, 71.0327, 91.7827, 6370.85, 8269.72, 6287.68, 8124.43, 1.25121, 0.859936, 1.29615, 0.646512, -2.63331, 6.47292
5, 312.544, 28083.9, 0.932151, 69.0085, 87.85, 67.9845, 87.191, 6200.81, 7893.82, 6108.79, 7834.61, 1.2357, 0.854856, 1.26845, 0.622962, -2.69228, 6.45668
6, 295.041, 27018.3, 0.921575, 65.5865, 82.0097, 64.5428, 82.4017, 6006.07, 7510.02, 5910.5, 7545.92, 1.21858, 0.850135, 1.24023, 0.621622, -2.7329, 6.45208
7, 280.734, 26145, 0.902985, 62.7209, 77.1599, 61.7476, 78.6139, 5841.27, 7185.99, 5750.62, 7321.41, 1.20386, 0.846046, 1.21608, 0.591626, -2.79073, 6.45228
8, 267.695, 25368, 0.897503, 59.7389, 72.7335, 59.2183, 75.5225, 5661.13, 6892.56, 5611.8, 7156.86, 1.18613, 0.843479, 1.19501, 0.599995, -2.82749, 6.45864
9, 259.949, 24888.3, 0.891607, 58.0474, 69.4962, 57.9347, 73.9908, 5557.64, 6653.78, 5546.85, 7084.11, 1.17276, 0.836825, 1.17588, 0.606941, -2.85643, 6.43546
10, 256.685, 24609.8, 0.884147, 57.2994, 67.7715, 57.7256, 73.4088, 5493.62, 6497.65, 5534.48, 7038.12, 1.15726, 0.832661, 1.16139, 0.605475, -2.893, 6.40036
11, 269.626, 25360.9, 0.892306, 59.8384, 71.554, 60.7274, 77.0166, 5628.38, 6730.34, 5712, 7244.15, 1.16013, 0.833838, 1.17782, 0.617795, -2.85699, 6.3613
12, 298.126, 27334, 0.935839, 65.1226, 81.0681, 65.9868, 85.4445, 5970.83, 7432.81, 6050.07, 7834.05, 1.19841, 0.834265, 1.23694, 0.692172, -2.70429, 6.40403
13, 328.662, 28862.8, 0.935509, 71.6668, 91.4137, 72.3225, 92.7268, 6293.71, 8027.87, 6351.3, 8143.18, 1.2195, 0.848122, 1.26881, 0.648106, -2.67221, 6.34267
14, 342.333, 29575.5, 0.94564, 74.6475, 96.73, 74.9675, 95.4528, 6449.09, 8356.88, 6476.74, 8246.54, 1.23684, 0.858382, 1.29165, 0.646396, -2.66226, 6.36469
15, 347.481, 29947.5, 0.953312, 75.3815, 98.8221, 75.7771, 96.9665, 6496.71, 8516.93, 6530.81, 8357.01, 1.24425, 0.860896, 1.30582, 0.654798, -2.63874, 6.39351
16, 351.293, 30137, 0.952088, 75.9941, 99.6406, 76.676, 98.4422, 6519.44, 8548.04, 6577.94, 8445.23, 1.24099, 0.859591, 1.30581, 0.654099, -2.6417, 6.35892
17, 355.302, 30319.5, 0.953977, 76.7285, 100.747, 77.6011, 99.6794, 6547.6, 8597.19, 6622.06, 8506.1, 1.23967, 0.860539, 1.30719, 0.658958, -2.64147, 6.33477
18, 359.648, 30522.9, 0.958694, 77.5942, 102.261, 78.551, 100.694, 6585.32, 8678.78, 6666.53, 8545.75, 1.24181, 0.863071, 1.3121, 0.666929, -2.63628, 6.3321
19, 363.28, 30716.3, 0.960769, 78.065, 103.362, 79.3956, 101.907, 6600.6, 8739.56, 6713.11, 8616.52, 1.2408, 0.864593, 1.3166, 0.669827, -2.62925, 6.33078
20, 374.725, 31397, 1.00843, 79.874, 107.597, 81.4306, 105.268, 6692.4, 9015.21, 6822.82, 8820.1, 1.24835, 0.87196, 1.33577, 0.792309, -2.25476, 6.64386
21, 387.147, 32049.2, 1.01596, 82.2372, 112.594, 83.6244, 108.134, 6807.84, 9320.83, 6922.68, 8951.66, 1.26044, 0.880429, 1.35518, 0.789327, -2.25393, 6.66529

Global Area Strain, Inferior Free Wall Area Strain, Lateral Free Wall Area Strain, Anterior Free Wall Area Strain, Septal Body Area Strain 
-23.2123, -19.3045, -30.2889, -20.0529, -21.3763, 

Global Longitudinal Strain, Inferior Free Wall Longitudinal Strain, Lateral Free Wall Longitudinal Strain, Anterior Free Wall Longitudinal Strain, Septal Body Longitudinal Strain
-10.8164, -10.8075, -11.4468, -13.8948, -10.2829, 

Global Radial Strain, Inferior Free Wall Radial Strain, Lateral Free Wall Radial Strain, Anterior Free Wall Radial Strain, Septal Body Radial Strain
-7.45911, -8.74588, -7.76829, -0.776662, -9.7937, 

Global Circumferential Strain, Inferior Free Wall Circumferential Strain, Lateral Free Wall Circumferential Strain, Anterior Free Wall Circumferential Strain, Septal Body Circumferential Strain
-6.55836, -0.498995, -9.7872, -8.83174, -8.03931, 