Timing Information
==========================================================
Clip Duration,1711,ms
Average RR Duration,1711,ms
Enddiastolic frame time,44.928,ms
Endsystolic  frame time,529.688,ms
Reference time,25.024,ms
Trigger time,25.024,ms



Results
==========================================================
Global
----------------------------------------------------------
EDV,168.55,ml
ESV,104.29,ml
SV,64.25,ml
EF,38.12,%

2D
----------------------------------------------------------
RVDd base (RVD1),37.43,mm
RVDd mid (RVD2),52.24,mm
RVLd (RVD3),78.84,mm
TAPSE,11.45,mm
FAC,30.38,%
RVLS (Septum),-5.06,%
RVLS (Freewall),-20.47,%

Curves
==========================================================
Global
Global
Unit [ml]
Time [ ms],  0.00,  4.49,  8.99, 13.48, 17.97, 22.46, 26.96, 31.45, 35.94, 40.44, 44.93, 50.61, 56.29, 61.97, 67.66, 73.34, 79.02, 84.70, 90.39, 96.07,101.75,106.24,110.74,115.23,119.72,124.22,128.71,133.20,137.69,142.19,146.68,151.17,155.66,160.16,164.65,169.14,173.64,178.13,182.62,187.11,191.61,196.10,200.59,205.09,209.58,214.07,218.56,223.06,227.55,232.04,236.53,241.03,245.52,250.01,254.51,259.00,263.49,267.98,272.48,276.97,281.46,285.96,290.45,294.94,299.43,303.93,308.42,312.91,317.41,321.90,326.39,330.88,335.38,339.87,344.36,348.86,353.35,357.84,362.33,366.83,371.32,375.81,380.30,384.80,389.29,393.78,398.28,402.77,407.26,411.75,416.25,420.74,425.23,429.73,434.22,438.71,443.20,447.70,452.19,456.68,461.18,465.67,470.16,474.65,479.15,483.64,488.13,492.62,497.12,501.61,506.10,510.60,515.09,519.58,524.07,528.57,533.06,537.55,542.05,546.54,551.03,555.52,560.02,564.51,569.00,573.50,577.99,582.48,586.97,591.47,595.96,600.45,604.94,609.44,613.93,618.42,622.92,627.41,631.90,636.39,640.89,645.38,649.87,654.37,658.86,663.35,667.84,672.34,676.83,681.32,685.82,690.31,694.80,699.29,703.79,708.28,712.77,717.26,721.76,726.25,730.74,735.24,739.73,744.22,748.71,753.21,757.70,762.19,766.69,771.18,775.67,780.16,784.66,789.15,793.64,798.13,802.63,807.12,811.61,816.11,820.60,825.09,829.58,834.08,838.57,843.06,847.56,852.05,856.54,861.03,865.53,870.02,874.51,879.01,883.50,887.99,892.48,896.98,901.47,905.96,910.46,914.95,919.44,923.93,928.43,932.92,937.41,941.90,946.40,950.89,955.38,959.88,964.37,968.86,973.35,977.85,982.34,986.83,991.33,995.82,1000.31,1004.80,1009.30,1013.79,1018.28,1022.77,1027.27,1031.76,1036.25,1040.75,1045.24,1049.73,1054.22,1058.72,1063.21,1067.70,1072.20,1076.69,1081.18,1085.67,1090.17,1094.66,1099.15,1103.65,1108.14,1112.63,1117.12,1121.62,1126.11,1130.60,1135.10,1139.59,1144.08,1148.57,1153.07,1157.56,1162.05,1166.54,1171.04,1175.53,1180.02,1184.52,1189.01,1193.50,1197.99,1202.49,1206.98,1211.47,1215.97,1220.46,1224.95,1229.44,1233.94,1238.43,1242.92,1247.42,1251.91,1256.40,1260.89,1265.39,1269.88,1274.37,1278.86,1283.36,1287.85,1292.34,1296.84,1301.33,1305.82,1310.31,1314.81,1319.30,1323.79,1328.29,1332.78,1337.27,1341.76,1346.26,1350.75,1355.24,1359.74,1364.23,1368.72,1373.21,1377.71,1382.20,1386.69,1391.18,1395.68,1400.17,1404.66,1409.16,1413.65,1418.14,1422.63,1427.13,1431.62,1436.11,1440.61,1445.10,1449.59,1454.08,1458.58,1463.07,1467.56,1472.06,1476.55,1481.04,1485.53,1490.03,1494.52,1499.01,1503.50,1508.00,1512.49,1516.98,1521.48,1525.97,1530.46,1534.95,1539.45,1543.94,1548.43,1552.93,1557.42,1561.91,1566.40,1570.90,1575.39,1579.88,1584.38,1588.87,1593.36,1597.85,1602.35,1606.84,1611.33,1615.82,1620.32,1624.81,1629.30,1633.80,1638.29,1642.78,1647.27,1651.77,1656.26,1660.75,1665.25,1669.74,1674.23,1678.72,1683.22,1687.71,1692.20,1696.69,1701.19,1705.68,1710.17,1714.67,1719.16,
 Segment Global,166.35,166.73,167.14,167.55,167.92,168.23,168.45,168.55,168.49,168.25,167.80,167.10,166.16,165.04,163.78,162.43,161.06,159.71,158.44,157.29,156.33,155.56,154.95,154.47,154.10,153.80,153.55,153.33,153.09,152.81,152.47,152.08,151.66,151.20,150.70,150.16,149.56,148.92,148.21,147.44,146.60,145.68,144.68,143.62,142.50,141.35,140.19,139.01,137.85,136.71,135.61,134.56,133.55,132.57,131.63,130.70,129.80,128.90,128.02,127.14,126.26,125.38,124.49,123.62,122.76,121.92,121.11,120.34,119.61,118.94,118.32,117.76,117.27,116.82,116.41,116.03,115.67,115.32,114.96,114.59,114.20,113.78,113.34,112.89,112.43,111.96,111.49,111.02,110.55,110.08,109.62,109.17,108.73,108.29,107.86,107.45,107.05,106.67,106.31,105.98,105.68,105.41,105.17,104.97,104.79,104.65,104.53,104.44,104.37,104.32,104.30,104.29,104.30,104.33,104.40,104.50,104.67,104.89,105.19,105.57,106.05,106.63,107.30,108.05,108.86,109.71,110.58,111.45,112.32,113.15,113.93,114.66,115.34,115.99,116.60,117.18,117.73,118.27,118.79,119.29,119.80,120.29,120.76,121.22,121.67,122.10,122.53,122.94,123.35,123.74,124.14,124.53,124.91,125.29,125.66,126.03,126.39,126.75,127.10,127.44,127.77,128.10,128.42,128.74,129.05,129.35,129.64,129.92,130.19,130.44,130.68,130.91,131.11,131.31,131.49,131.67,131.84,132.02,132.19,132.37,132.56,132.76,132.97,133.18,133.40,133.63,133.85,134.08,134.31,134.53,134.75,134.97,135.19,135.40,135.61,135.82,136.03,136.24,136.45,136.65,136.86,137.07,137.28,137.48,137.69,137.89,138.08,138.26,138.42,138.57,138.71,138.82,138.91,138.99,139.06,139.11,139.17,139.22,139.27,139.33,139.40,139.48,139.57,139.66,139.76,139.86,139.96,140.05,140.14,140.22,140.28,140.33,140.37,140.40,140.43,140.45,140.47,140.49,140.51,140.54,140.58,140.63,140.69,140.75,140.82,140.89,140.96,141.02,141.07,141.11,141.14,141.15,141.14,141.13,141.10,141.07,141.04,141.01,140.97,140.94,140.92,140.91,140.90,140.90,140.90,140.90,140.91,140.93,140.95,140.97,140.99,141.01,141.03,141.06,141.09,141.13,141.18,141.24,141.31,141.40,141.51,141.64,141.79,141.96,142.14,142.32,142.50,142.68,142.84,142.99,143.12,143.23,143.31,143.39,143.44,143.49,143.52,143.56,143.59,143.62,143.65,143.69,143.72,143.76,143.80,143.83,143.87,143.91,143.94,143.98,144.01,144.04,144.07,144.10,144.13,144.15,144.18,144.21,144.23,144.26,144.28,144.31,144.33,144.36,144.39,144.41,144.44,144.46,144.48,144.50,144.52,144.53,144.53,144.54,144.55,144.56,144.58,144.62,144.68,144.76,144.87,145.01,145.17,145.37,145.58,145.81,146.04,146.29,146.53,146.76,146.98,147.19,147.37,147.55,147.74,147.93,148.16,148.42,148.72,149.09,149.52,150.03,150.62,151.26,151.93,152.63,153.33,154.01,154.66,155.26,155.80,156.26,156.67,157.03,157.34,157.63,157.88,158.12,158.36,158.59,158.83,


