Timing Information
==========================================================
Clip Duration,743,ms
Average RR Duration,743,ms
Enddiastolic frame time,706.978,ms
Endsystolic  frame time,340.523,ms
Reference time,2.03,ms
Trigger time,2.03,ms



Results
==========================================================
Global
----------------------------------------------------------
EDV,235.62,ml
EDVi,117.37,ml/m²
ESV,140.42,ml
ESVi,69.95,ml/m²
SV,95.20,ml
EF,40.40,%

2D
----------------------------------------------------------
RVDd base (RVD1),32.10,mm
RVDd mid (RVD2),39.58,mm
RVLd (RVD3),101.46,mm
TAPSE,11.06,mm
FAC,36.47,%
RVLS (Septum),-16.97,%
RVLS (Freewall),-19.13,%

Curves
==========================================================
Global
Global
Unit [ml]
Time [ ms],  0.00,  8.40, 16.80, 25.19, 33.59, 41.99, 50.39, 58.78, 67.18, 75.58, 83.98, 88.77, 93.56, 98.35,103.15,107.94,112.73,117.52,122.32,127.11,131.90,136.69,141.48,146.28,151.07,155.86,160.65,165.45,170.24,175.03,179.82,184.62,189.41,194.20,198.99,203.78,208.58,213.37,218.16,222.95,227.75,232.54,237.33,242.12,246.92,251.71,256.50,261.29,266.08,270.88,275.67,280.46,285.25,290.05,294.84,299.63,304.42,309.22,314.01,318.80,323.59,328.38,333.18,337.97,342.76,347.55,352.35,357.14,361.93,366.72,371.52,376.31,381.10,385.89,390.69,395.48,400.27,405.06,409.85,414.65,419.44,424.23,429.02,433.82,438.61,443.40,448.19,452.99,457.78,462.57,467.36,472.15,476.95,481.74,486.53,491.32,496.12,500.91,505.70,510.49,515.28,520.08,524.87,529.66,534.45,539.25,544.04,548.83,553.62,558.42,563.21,568.00,572.79,577.59,582.38,587.17,591.96,596.75,601.55,606.34,611.13,615.92,620.72,625.51,630.30,635.09,639.89,644.68,649.47,654.26,659.06,663.85,668.64,673.43,678.22,683.02,687.81,692.60,697.39,702.19,706.98,
 Segment Global,232.77,229.67,226.52,223.38,220.29,217.29,214.44,211.78,209.35,207.21,205.39,203.98,202.95,202.22,201.68,201.25,200.84,200.35,199.69,198.77,197.50,195.84,193.83,191.57,189.10,186.51,183.87,181.24,178.70,176.31,174.15,172.22,170.48,168.89,167.44,166.09,164.82,163.60,162.41,161.21,160.00,158.76,157.53,156.32,155.13,153.95,152.80,151.67,150.58,149.52,148.50,147.52,146.57,145.66,144.80,144.00,143.26,142.59,142.00,141.50,141.10,140.78,140.57,140.44,140.42,140.51,140.72,141.05,141.50,142.09,142.81,143.67,144.66,145.77,147.00,148.36,149.85,151.46,153.19,155.05,157.03,159.16,161.42,163.77,166.20,168.67,171.13,173.57,175.95,178.24,180.40,182.43,184.33,186.13,187.83,189.43,190.94,192.38,193.75,195.05,196.30,197.48,198.58,199.62,200.61,201.57,202.51,203.45,204.40,205.37,206.38,207.44,208.52,209.64,210.78,211.95,213.14,214.36,215.60,216.86,218.14,219.45,220.81,222.18,223.55,224.89,226.20,227.45,228.61,229.68,230.63,231.44,232.15,232.76,233.29,233.75,234.17,234.55,234.90,235.26,235.62,


