Timing Information
==========================================================
Clip Duration,1020.67,ms
Average RR Duration,1028,ms
Enddiastolic frame time,1015.44,ms
Endsystolic  frame time,440.7,ms
Reference time,35.39,ms
Trigger time,35.39,ms



Results
==========================================================
Global
----------------------------------------------------------
EDV,244.44,ml
ESV,97.69,ml
SV,146.75,ml
EF,60.04,%

2D
----------------------------------------------------------
RVDd base (RVD1),32.31,mm
RVDd mid (RVD2),55.90,mm
RVLd (RVD3),92.72,mm
TAPSE,23.45,mm
FAC,45.22,%
RVLS (Septum),-10.76,%
RVLS (Freewall),-28.97,%

Curves
==========================================================
Global
Global
Unit [ml]
Time [ ms],  0.00,  9.59, 19.17, 28.76, 38.34, 47.93, 57.51, 67.10, 76.68, 86.27, 95.86, 99.69,103.52,107.35,111.18,115.01,118.85,122.68,126.51,130.34,134.17,138.00,141.84,145.67,149.50,153.33,157.16,160.99,164.82,168.66,172.49,176.32,180.15,183.98,187.81,191.65,195.48,199.31,203.14,206.97,210.80,214.64,218.47,222.30,226.13,229.96,233.79,237.63,241.46,245.29,249.12,252.95,256.78,260.61,264.45,268.28,272.11,275.94,279.77,283.60,287.44,291.27,295.10,298.93,302.76,306.59,310.43,314.26,318.09,321.92,325.75,329.58,333.42,337.25,341.08,344.91,348.74,352.57,356.40,360.24,364.07,367.90,371.73,375.56,379.39,383.23,387.06,390.89,394.72,398.55,402.38,406.22,410.05,413.88,417.71,421.54,425.37,429.21,433.04,436.87,440.70,444.53,448.36,452.19,456.03,459.86,463.69,467.52,471.35,475.18,479.02,482.85,486.68,490.51,494.34,498.17,502.01,505.84,509.67,513.50,517.33,521.16,525.00,528.83,532.66,536.49,540.32,544.15,547.98,551.82,555.65,559.48,563.31,567.14,570.97,574.81,578.64,582.47,586.30,590.13,593.96,597.80,601.63,605.46,609.29,613.12,616.95,620.79,624.62,628.45,632.28,636.11,639.94,643.77,647.61,651.44,655.27,659.10,662.93,666.76,670.60,674.43,678.26,682.09,685.92,689.75,693.59,697.42,701.25,705.08,708.91,712.74,716.58,720.41,724.24,728.07,731.90,735.73,739.56,743.40,747.23,751.06,754.89,758.72,762.55,766.39,770.22,774.05,777.88,781.71,785.54,789.38,793.21,797.04,800.87,804.70,808.53,812.37,816.20,820.03,823.86,827.69,831.52,835.35,839.19,843.02,846.85,850.68,854.51,858.34,862.18,866.01,869.84,873.67,877.50,881.33,885.17,889.00,892.83,896.66,900.49,904.32,908.16,911.99,915.82,919.65,923.48,927.31,931.14,934.98,938.81,942.64,946.47,950.30,954.13,957.97,961.80,965.63,969.46,973.29,977.12,980.96,984.79,988.62,992.45,996.28,1000.11,1003.95,1007.78,1011.61,1015.44,
 Segment Global,244.25,244.02,243.79,243.53,243.25,242.91,242.51,242.02,241.44,240.74,239.91,238.96,237.90,236.71,235.39,233.90,232.25,230.41,228.37,226.12,223.65,220.92,217.94,214.76,211.44,208.03,204.57,201.13,197.74,194.47,191.36,188.43,185.66,183.02,180.50,178.08,175.75,173.49,171.30,169.14,167.01,164.91,162.87,160.88,158.94,157.03,155.15,153.30,151.46,149.64,147.82,146.01,144.20,142.41,140.62,138.85,137.10,135.37,133.66,131.98,130.33,128.71,127.11,125.53,123.99,122.49,121.04,119.64,118.29,117.01,115.80,114.66,113.60,112.60,111.65,110.76,109.91,109.09,108.30,107.53,106.77,106.03,105.32,104.64,103.98,103.35,102.74,102.16,101.59,101.03,100.49, 99.94, 99.38, 98.86, 98.39, 98.02, 97.77, 97.69, 97.79, 98.12, 98.70, 99.55,100.64,101.94,103.45,105.14,107.00,109.02,111.16,113.43,115.79,118.27,120.89,123.60,126.38,129.19,131.99,134.76,137.45,140.04,142.49,144.76,146.86,148.82,150.69,152.50,154.28,156.09,157.94,159.89,161.97,164.21,166.58,169.02,171.49,173.93,176.29,178.52,180.56,182.36,183.86,185.06,185.98,186.66,187.15,187.47,187.67,187.79,187.86,187.92,188.01,188.14,188.26,188.39,188.52,188.65,188.79,188.94,189.08,189.24,189.39,189.57,189.76,189.98,190.21,190.44,190.69,190.94,191.19,191.43,191.66,191.89,192.11,192.33,192.55,192.75,192.95,193.15,193.33,193.50,193.66,193.81,193.95,194.08,194.20,194.30,194.40,194.48,194.56,194.63,194.68,194.73,194.76,194.79,194.81,194.82,194.83,194.85,194.86,194.88,194.91,194.94,195.00,195.07,195.15,195.23,195.31,195.39,195.46,195.51,195.55,195.55,195.54,195.52,195.53,195.58,195.70,195.90,196.21,196.65,197.23,197.96,198.80,199.77,200.86,202.10,203.48,205.01,206.70,208.56,210.59,212.83,215.28,217.88,220.56,223.27,225.95,228.53,230.96,233.18,235.12,236.77,238.16,239.33,240.32,241.17,241.90,242.56,243.18,243.79,244.44,


