Timing Information
==========================================================
Clip Duration,878,ms
Average RR Duration,878,ms
Enddiastolic frame time,884.607,ms
Endsystolic  frame time,343.397,ms
Reference time,20.467,ms
Trigger time,20.467,ms



Results
==========================================================
Global
----------------------------------------------------------
EDV,170.53,ml
ESV,81.80,ml
SV,88.72,ml
EF,52.03,%

2D
----------------------------------------------------------
RVDd base (RVD1),33.08,mm
RVDd mid (RVD2),43.65,mm
RVLd (RVD3),87.76,mm
TAPSE,25.96,mm
FAC,44.77,%
RVLS (Septum),-20.23,%
RVLS (Freewall),-31.72,%

Curves
==========================================================
Global
Global
Unit [ml]
Time [ ms],  0.00,  7.28, 14.56, 21.84, 29.12, 36.40, 43.68, 50.95, 58.23, 65.51, 72.79, 76.17, 79.56, 82.94, 86.32, 89.70, 93.09, 96.47, 99.85,103.24,106.62,110.00,113.38,116.77,120.15,123.53,126.91,130.30,133.68,137.06,140.44,143.83,147.21,150.59,153.97,157.36,160.74,164.12,167.50,170.89,174.27,177.65,181.03,184.42,187.80,191.18,194.56,197.95,201.33,204.71,208.09,211.48,214.86,218.24,221.63,225.01,228.39,231.77,235.16,238.54,241.92,245.30,248.69,252.07,255.45,258.83,262.22,265.60,268.98,272.36,275.75,279.13,282.51,285.89,289.28,292.66,296.04,299.42,302.81,306.19,309.57,312.95,316.34,319.72,323.10,326.48,329.87,333.25,336.63,340.01,343.40,346.78,350.16,353.54,356.93,360.31,363.69,367.08,370.46,373.84,377.22,380.61,383.99,387.37,390.75,394.14,397.52,400.90,404.28,407.67,411.05,414.43,417.81,421.20,424.58,427.96,431.34,434.73,438.11,441.49,444.87,448.26,451.64,455.02,458.40,461.79,465.17,468.55,471.93,475.32,478.70,482.08,485.47,488.85,492.23,495.61,498.99,502.38,505.76,509.14,512.52,515.91,519.29,522.67,526.06,529.44,532.82,536.20,539.59,542.97,546.35,549.73,553.12,556.50,559.88,563.26,566.65,570.03,573.41,576.79,580.18,583.56,586.94,590.32,593.71,597.09,600.47,603.85,607.24,610.62,614.00,617.38,620.77,624.15,627.53,630.91,634.30,637.68,641.06,644.45,647.83,651.21,654.59,657.98,661.36,664.74,668.12,671.51,674.89,678.27,681.65,685.04,688.42,691.80,695.18,698.57,701.95,705.33,708.71,712.10,715.48,718.86,722.24,725.63,729.01,732.39,735.77,739.16,742.54,745.92,749.30,752.69,756.07,759.45,762.83,766.22,769.60,772.98,776.36,779.75,783.13,786.51,789.90,793.28,796.66,800.04,803.43,806.81,810.19,813.57,816.96,820.34,823.72,827.10,830.49,833.87,837.25,840.63,844.02,847.40,850.78,854.16,857.55,860.93,864.31,867.69,871.08,874.46,877.84,881.22,884.61,
 Segment Global,170.08,167.83,165.55,163.28,161.04,158.86,156.77,154.79,152.95,151.29,149.81,148.57,147.54,146.69,145.96,145.32,144.73,144.14,143.50,142.78,141.93,140.94,139.83,138.64,137.37,136.04,134.68,133.29,131.91,130.55,129.22,127.92,126.65,125.38,124.14,122.90,121.68,120.48,119.28,118.10,116.92,115.76,114.62,113.49,112.38,111.29,110.21,109.16,108.12,107.11,106.11,105.14,104.19,103.25,102.34,101.45,100.58, 99.73, 98.89, 98.07, 97.26, 96.47, 95.70, 94.94, 94.20, 93.47, 92.77, 92.08, 91.42, 90.77, 90.14, 89.54, 88.96, 88.40, 87.86, 87.34, 86.84, 86.36, 85.90, 85.47, 85.05, 84.65, 84.28, 83.93, 83.60, 83.30, 83.03, 82.78, 82.56, 82.36, 82.20, 82.05, 81.94, 81.85, 81.80, 81.81, 81.86, 81.98, 82.18, 82.45, 82.80, 83.25, 83.77, 84.37, 85.04, 85.79, 86.59, 87.47, 88.40, 89.38, 90.42, 91.51, 92.67, 93.87, 95.10, 96.36, 97.63, 98.89,100.14,101.36,102.54,103.68,104.78,105.85,106.88,107.89,108.88,109.85,110.80,111.74,112.67,113.59,114.49,115.37,116.25,117.12,118.00,118.89,119.81,120.75,121.72,122.73,123.78,124.85,125.93,127.02,128.10,129.15,130.18,131.17,132.11,132.99,133.83,134.63,135.38,136.09,136.74,137.36,137.92,138.44,138.90,139.32,139.68,139.99,140.26,140.50,140.69,140.87,141.02,141.15,141.27,141.38,141.47,141.56,141.63,141.69,141.73,141.77,141.80,141.81,141.81,141.80,141.79,141.76,141.73,141.70,141.66,141.61,141.57,141.52,141.47,141.42,141.37,141.32,141.28,141.23,141.17,141.12,141.05,140.98,140.90,140.82,140.73,140.64,140.55,140.46,140.37,140.27,140.18,140.09,139.99,139.90,139.81,139.73,139.66,139.61,139.59,139.60,139.66,139.76,139.91,140.12,140.38,140.70,141.07,141.50,141.98,142.52,143.11,143.77,144.48,145.25,146.08,146.96,147.90,148.91,149.97,151.10,152.29,153.54,154.86,156.24,157.69,159.18,160.73,162.31,163.92,165.56,167.21,168.87,170.53,


