Timing Information
==========================================================
Clip Duration,956,ms
Average RR Duration,956,ms
Enddiastolic frame time,57.1,ms
Endsystolic  frame time,483.5,ms
Reference time,33.55,ms
Trigger time,33.55,ms



Results
==========================================================
Global
----------------------------------------------------------
EDV,318.86,ml
ESV,178.02,ml
SV,140.85,ml
EF,44.17,%

2D
----------------------------------------------------------
RVDd base (RVD1),39.30,mm
RVDd mid (RVD2),69.35,mm
RVLd (RVD3),105.99,mm
TAPSE,21.72,mm
FAC,38.70,%
RVLS (Septum),-14.20,%
RVLS (Freewall),-24.70,%

Curves
==========================================================
Global
Global
Unit [ml]
Time [ ms],  0.00,  5.71, 11.42, 17.13, 22.84, 28.55, 34.26, 39.97, 45.68, 51.39, 57.10, 65.50, 73.90, 82.30, 90.70, 99.10,107.50,115.90,124.30,132.70,141.10,146.81,152.51,158.22,163.92,169.63,175.33,181.03,186.74,192.45,198.15,203.86,209.56,215.27,220.97,226.68,232.38,238.09,243.79,249.50,255.20,260.91,266.62,272.33,278.04,283.75,289.46,295.17,300.88,306.59,312.30,318.01,323.71,329.42,335.12,340.83,346.53,352.23,357.94,363.64,369.35,375.06,380.77,386.48,392.19,397.90,403.61,409.32,415.03,420.74,426.45,432.16,437.86,443.57,449.27,454.98,460.68,466.38,472.09,477.79,483.50,489.20,494.91,500.62,506.32,512.03,517.73,523.44,529.14,534.85,540.55,546.26,551.97,557.68,563.39,569.10,574.81,580.52,586.23,591.94,597.65,603.36,609.06,614.76,620.47,626.18,631.88,637.59,643.29,649.00,654.70,660.41,666.12,671.83,677.54,683.25,688.96,694.67,700.38,706.09,711.80,717.50,723.21,728.92,734.62,740.33,746.03,751.74,757.44,763.15,768.85,774.56,780.27,785.98,791.69,797.40,803.11,808.82,814.53,820.24,825.95,831.65,837.36,843.07,848.77,854.48,860.18,865.88,871.59,877.30,883.00,888.71,894.41,900.12,905.82,911.52,917.23,922.94,928.64,934.34,940.05,
 Segment Global,309.18,310.70,312.29,313.85,315.33,316.65,317.73,318.49,318.86,318.78,318.16,316.89,315.01,312.65,309.91,306.94,303.85,300.76,297.80,295.09,292.76,290.87,289.35,288.09,287.01,286.00,284.98,283.85,282.51,280.87,278.83,276.36,273.55,270.45,267.15,263.70,260.19,256.68,253.24,249.94,246.86,244.00,241.33,238.81,236.41,234.11,231.88,229.68,227.50,225.30,223.06,220.77,218.48,216.18,213.89,211.63,209.39,207.20,205.07,202.99,200.99,199.08,197.24,195.48,193.79,192.17,190.62,189.15,187.73,186.39,185.10,183.88,182.72,181.65,180.69,179.84,179.14,178.59,178.21,178.02,178.04,178.25,178.65,179.24,180.04,181.05,182.30,183.78,185.52,187.53,189.82,192.41,195.28,198.38,201.69,205.15,208.72,212.36,216.02,219.67,223.27,226.80,230.27,233.69,237.03,240.30,243.47,246.56,249.53,252.40,255.14,257.76,260.25,262.60,264.80,266.84,268.72,270.42,271.94,273.26,274.39,275.29,276.00,276.52,276.89,277.12,277.24,277.26,277.22,277.14,277.03,276.91,276.76,276.61,276.46,276.33,276.21,276.14,276.11,276.13,276.23,276.38,276.59,276.89,277.29,277.82,278.51,279.38,280.45,281.75,283.31,285.13,287.20,289.49,291.95,294.57,297.30,300.11,302.97,305.85,308.72,


