Timing Information
==========================================================
Clip Duration,879,ms
Average RR Duration,879,ms
Enddiastolic frame time,25.475,ms
Endsystolic  frame time,390.697,ms
Reference time,25.475,ms
Trigger time,25.475,ms



Results
==========================================================
Global
----------------------------------------------------------
EDV,162.43,ml
ESV,93.26,ml
SV,69.17,ml
EF,42.58,%

2D
----------------------------------------------------------
RVDd base (RVD1),28.85,mm
RVDd mid (RVD2),40.40,mm
RVLd (RVD3),89.03,mm
TAPSE,7.90,mm
FAC,39.04,%
RVLS (Septum),-17.29,%
RVLS (Freewall),-19.75,%

Curves
==========================================================
Global
Global
Unit [ml]
Time [ ms],  0.00,  3.18,  6.35,  9.53, 12.70, 15.88, 19.05, 22.23, 25.40, 28.58, 31.75, 36.20, 40.64, 45.09, 49.53, 53.98, 58.42, 62.87, 67.31, 71.76, 76.20, 79.38, 82.55, 85.73, 88.90, 92.08, 95.25, 98.43,101.60,104.78,107.95,111.13,114.30,117.48,120.65,123.83,127.00,130.18,133.35,136.53,139.70,142.88,146.05,149.23,152.40,155.58,158.76,161.93,165.11,168.28,171.46,174.63,177.81,180.98,184.16,187.33,190.51,193.68,196.86,200.03,203.21,206.38,209.56,212.73,215.91,219.08,222.26,225.43,228.61,231.78,234.96,238.14,241.31,244.49,247.66,250.84,254.01,257.19,260.36,263.54,266.71,269.89,273.06,276.24,279.41,282.59,285.76,288.94,292.11,295.29,298.46,301.64,304.81,307.99,311.16,314.34,317.52,320.69,323.87,327.04,330.22,333.39,336.57,339.74,342.92,346.09,349.27,352.44,355.62,358.79,361.97,365.14,368.32,371.49,374.67,377.84,381.02,384.19,387.37,390.54,393.72,396.90,400.07,403.25,406.42,409.60,412.77,415.95,419.12,422.30,425.47,428.65,431.82,435.00,438.17,441.35,444.52,447.70,450.87,454.05,457.22,460.40,463.57,466.75,469.92,473.10,476.28,479.45,482.63,485.80,488.98,492.15,495.33,498.50,501.68,504.85,508.03,511.20,514.38,517.55,520.73,523.90,527.08,530.25,533.43,536.60,539.78,542.95,546.13,549.30,552.48,555.66,558.83,562.01,565.18,568.36,571.53,574.71,577.88,581.06,584.23,587.41,590.58,593.76,596.93,600.11,603.28,606.46,609.63,612.81,615.98,619.16,622.33,625.51,628.68,631.86,635.04,638.21,641.39,644.56,647.74,650.91,654.09,657.26,660.44,663.61,666.79,669.96,673.14,676.31,679.49,682.66,685.84,689.01,692.19,695.36,698.54,701.71,704.89,708.06,711.24,714.42,717.59,720.77,723.94,727.12,730.29,733.47,736.64,739.82,742.99,746.17,749.34,752.52,755.69,758.87,762.04,765.22,768.39,771.57,774.74,777.92,781.09,784.27,787.44,790.62,793.80,796.97,800.15,803.32,806.50,809.67,812.85,816.02,819.20,822.37,825.55,828.72,831.90,835.07,838.25,841.42,844.60,847.77,850.95,854.12,857.30,860.47,863.65,866.82,870.00,873.18,876.35,879.53,882.70,885.88,889.05,892.23,895.40,898.58,901.75,
 Segment Global,161.27,161.50,161.75,162.00,162.22,162.38,162.43,162.35,162.11,161.67,160.99,160.04,158.81,157.38,155.82,154.19,152.55,150.98,149.54,148.30,147.33,146.65,146.21,145.98,145.90,145.93,146.01,146.11,146.16,146.13,145.96,145.66,145.25,144.76,144.19,143.55,142.85,142.09,141.30,140.48,139.63,138.76,137.84,136.89,135.91,134.90,133.88,132.83,131.77,130.71,129.64,128.57,127.50,126.43,125.36,124.30,123.24,122.20,121.17,120.16,119.16,118.18,117.23,116.30,115.38,114.49,113.61,112.76,111.92,111.11,110.31,109.53,108.76,108.02,107.30,106.60,105.91,105.24,104.60,103.96,103.35,102.76,102.18,101.63,101.09,100.56,100.05, 99.55, 99.06, 98.59, 98.11, 97.65, 97.19, 96.74, 96.31, 95.90, 95.50, 95.14, 94.80, 94.49, 94.22, 93.98, 93.78, 93.61, 93.47, 93.37, 93.30, 93.27, 93.26, 93.29, 93.35, 93.44, 93.55, 93.70, 93.88, 94.09, 94.34, 94.64, 94.97, 95.36, 95.79, 96.28, 96.82, 97.39, 98.00, 98.63, 99.26, 99.90,100.53,101.14,101.72,102.28,102.81,103.32,103.81,104.27,104.69,105.08,105.42,105.73,105.99,106.19,106.34,106.45,106.53,106.60,106.68,106.78,106.92,107.11,107.36,107.69,108.08,108.53,109.03,109.57,110.14,110.75,111.38,112.03,112.69,113.36,114.05,114.76,115.47,116.19,116.92,117.65,118.37,119.10,119.81,120.52,121.22,121.92,122.59,123.23,123.85,124.42,124.94,125.40,125.80,126.13,126.39,126.60,126.75,126.87,126.95,127.01,127.05,127.09,127.13,127.18,127.22,127.27,127.31,127.34,127.37,127.39,127.41,127.41,127.41,127.39,127.38,127.35,127.33,127.30,127.27,127.25,127.22,127.20,127.18,127.17,127.17,127.17,127.17,127.19,127.21,127.24,127.28,127.34,127.40,127.48,127.57,127.68,127.80,127.94,128.09,128.26,128.44,128.64,128.85,129.07,129.30,129.54,129.82,130.12,130.47,130.87,131.32,131.85,132.45,133.13,133.88,134.70,135.57,136.49,137.45,138.44,139.44,140.46,141.48,142.50,143.52,144.54,145.56,146.58,147.60,148.61,149.62,150.62,151.62,152.61,153.61,154.59,155.54,156.46,157.31,158.10,158.81,159.43,159.94,160.33,160.62,160.83,160.96,161.02,161.04,161.03,160.99,160.95,160.92,


