Timing Information
==========================================================
Clip Duration,1163.74,ms
Average RR Duration,1135.23,ms
Enddiastolic frame time,30.4945,ms
Endsystolic  frame time,449.084,ms
Reference time,30.4945,ms
Trigger time,30.55,ms



Results
==========================================================
Global
----------------------------------------------------------
EDV,124.34,ml
ESV,47.99,ml
SV,76.35,ml
EF,61.41,%

2D
----------------------------------------------------------
RVDd base (RVD1),24.10,mm
RVDd mid (RVD2),36.79,mm
RVLd (RVD3),88.53,mm
TAPSE,22.18,mm
FAC,46.00,%
RVLS (Septum),-16.84,%
RVLS (Freewall),-26.51,%

Curves
==========================================================
Global
Global
Unit [ml]
Time [ ms],  0.00,  4.78,  9.57, 14.36, 19.14, 23.93, 28.71, 33.49, 38.28, 43.07, 47.85, 55.31, 62.76, 70.22, 77.67, 85.13, 92.58,100.04,107.49,114.95,122.40,127.18,131.97,136.76,141.54,146.33,151.11,155.90,160.68,165.47,170.25,175.04,179.82,184.61,189.39,194.18,198.96,203.75,208.53,213.32,218.10,222.89,227.67,232.46,237.24,242.03,246.81,251.59,256.38,261.16,265.95,270.74,275.52,280.31,285.09,289.88,294.66,299.44,304.23,309.01,313.80,318.58,323.37,328.16,332.94,337.73,342.51,347.30,352.08,356.87,361.65,366.44,371.22,376.01,380.79,385.57,390.36,395.15,399.93,404.72,409.50,414.29,419.07,423.86,428.64,433.43,438.21,443.00,447.78,452.57,457.35,462.14,466.92,471.71,476.49,481.28,486.06,490.85,495.63,500.42,505.20,509.99,514.77,519.56,524.34,529.13,533.91,538.70,543.48,548.26,553.05,557.84,562.62,567.41,572.19,576.98,581.76,586.54,591.33,596.11,600.90,605.69,610.47,615.25,620.04,624.82,629.61,634.39,639.18,643.97,648.75,653.53,658.32,663.11,667.89,672.67,677.46,682.25,687.03,691.82,696.60,701.38,706.17,710.96,715.74,720.53,725.31,730.10,734.88,739.66,744.45,749.24,754.02,758.81,763.59,768.38,773.16,777.95,782.73,787.52,792.30,797.09,801.87,806.66,811.44,816.23,821.01,825.80,830.58,835.37,840.15,844.94,849.72,854.50,859.29,864.08,868.86,873.64,878.43,883.21,888.00,892.79,897.57,902.36,907.14,911.93,916.71,921.49,926.28,931.07,935.85,940.63,945.42,950.20,954.99,959.77,964.56,969.35,974.13,978.92,983.70,988.49,993.27,998.05,1002.84,1007.63,1012.41,1017.20,1021.98,1026.76,1031.55,1036.34,1041.12,1045.90,1050.69,1055.47,1060.26,1065.05,1069.83,1074.62,1079.40,1084.19,1088.97,1093.76,1098.54,1103.33,1108.11,1112.89,1117.68,1122.46,1127.25,1132.04,1136.82,1141.61,1146.39,1151.18,1155.96,1160.75,1165.53,1170.32,1175.10,
 Segment Global,124.34,123.61,122.88,122.15,121.42,120.68,119.94,119.19,118.44,117.67,116.90,116.12,115.34,114.54,113.73,112.90,112.06,111.19,110.31,109.39,108.45,107.48,106.48,105.45,104.39,103.32,102.24,101.15,100.05, 98.96, 97.87, 96.79, 95.73, 94.66, 93.60, 92.52, 91.44, 90.33, 89.19, 88.02, 86.81, 85.55, 84.26, 82.93, 81.59, 80.25, 78.91, 77.59, 76.31, 75.07, 73.88, 72.75, 71.68, 70.65, 69.66, 68.72, 67.80, 66.92, 66.06, 65.21, 64.38, 63.57, 62.78, 62.01, 61.26, 60.53, 59.81, 59.11, 58.42, 57.75, 57.08, 56.43, 55.78, 55.14, 54.53, 53.93, 53.35, 52.80, 52.27, 51.78, 51.32, 50.91, 50.53, 50.19, 49.88, 49.60, 49.35, 49.13, 48.92, 48.74, 48.57, 48.41, 48.25, 48.13, 48.03, 47.99, 48.00, 48.08, 48.25, 48.52, 48.89, 49.37, 49.96, 50.64, 51.40, 52.24, 53.14, 54.10, 55.10, 56.14, 57.21, 58.30, 59.42, 60.56, 61.73, 62.91, 64.11, 65.32, 66.53, 67.75, 68.96, 70.17, 71.38, 72.58, 73.76, 74.92, 76.04, 77.13, 78.16, 79.14, 80.05, 80.88, 81.65, 82.34, 82.99, 83.60, 84.19, 84.76, 85.32, 85.90, 86.49, 87.11, 87.75, 88.40, 89.04, 89.67, 90.28, 90.86, 91.39, 91.88, 92.30, 92.66, 92.96, 93.22, 93.42, 93.59, 93.71, 93.79, 93.83, 93.84, 93.81, 93.75, 93.65, 93.52, 93.37, 93.20, 93.02, 92.83, 92.65, 92.48, 92.33, 92.20, 92.08, 91.98, 91.90, 91.82, 91.76, 91.70, 91.65, 91.60, 91.55, 91.51, 91.47, 91.44, 91.42, 91.40, 91.38, 91.35, 91.33, 91.31, 91.28, 91.24, 91.20, 91.16, 91.13, 91.10, 91.07, 91.06, 91.07, 91.09, 91.14, 91.21, 91.31, 91.44, 91.59, 91.76, 91.95, 92.16, 92.38, 92.62, 92.87, 93.11, 93.35, 93.61, 93.91, 94.26, 94.68, 95.18, 95.80, 96.55, 97.44, 98.49, 99.69,101.01,102.43,103.92,105.45,107.00,108.54,110.05,111.49,112.87,114.20,115.49,116.74,117.97,119.18,120.37,121.57,122.77,123.98,


