Timing Information
==========================================================
Clip Duration,1133,ms
Average RR Duration,1133,ms
Enddiastolic frame time,36.309,ms
Endsystolic  frame time,472.491,ms
Reference time,36.309,ms
Trigger time,36.309,ms



Results
==========================================================
Global
----------------------------------------------------------
EDV,139.53,ml
EDVi,75.85,ml/m²
ESV,77.99,ml
ESVi,42.40,ml/m²
SV,61.53,ml
EF,44.10,%

2D
----------------------------------------------------------
RVDd base (RVD1),34.80,mm
RVDd mid (RVD2),43.39,mm
RVLd (RVD3),95.09,mm
TAPSE,14.34,mm
FAC,34.79,%
RVLS (Septum),-11.74,%
RVLS (Freewall),-21.29,%

Curves
==========================================================
Global
Global
Unit [ml]
Time [ ms],  0.00,  4.52,  9.03, 13.55, 18.06, 22.58, 27.10, 31.61, 36.13, 40.64, 45.16, 51.77, 58.37, 64.98, 71.59, 78.19, 84.80, 91.40, 98.01,104.62,111.22,115.74,120.26,124.77,129.29,133.80,138.32,142.83,147.35,151.87,156.38,160.90,165.41,169.93,174.45,178.96,183.48,187.99,192.51,197.02,201.54,206.06,210.57,215.09,219.60,224.12,228.64,233.15,237.67,242.18,246.70,251.21,255.73,260.25,264.76,269.28,273.79,278.31,282.83,287.34,291.86,296.37,300.89,305.40,309.92,314.44,318.95,323.47,327.98,332.50,337.02,341.53,346.05,350.56,355.08,359.60,364.11,368.63,373.14,377.66,382.17,386.69,391.21,395.72,400.24,404.75,409.27,413.78,418.30,422.82,427.33,431.85,436.36,440.88,445.40,449.91,454.43,458.94,463.46,467.98,472.49,477.01,481.52,486.04,490.55,495.07,499.59,504.10,508.62,513.13,517.65,522.16,526.68,531.20,535.71,540.23,544.74,549.26,553.78,558.29,562.81,567.32,571.84,576.36,580.87,585.39,589.90,594.42,598.93,603.45,607.97,612.48,617.00,621.51,626.03,630.54,635.06,639.58,644.09,648.61,653.12,657.64,662.16,666.67,671.19,675.70,680.22,684.74,689.25,693.77,698.28,702.80,707.31,711.83,716.35,720.86,725.38,729.89,734.41,738.93,743.44,747.96,752.47,756.99,761.50,766.02,770.54,775.05,779.57,784.08,788.60,793.12,797.63,802.15,806.66,811.18,815.69,820.21,824.73,829.24,833.76,838.27,842.79,847.31,851.82,856.34,860.85,865.37,869.88,874.40,878.92,883.43,887.95,892.46,896.98,901.50,906.01,910.53,915.04,919.56,924.08,928.59,933.11,937.62,942.14,946.65,951.17,955.69,960.20,964.72,969.23,973.75,978.26,982.78,987.30,991.81,996.33,1000.84,1005.36,1009.88,1014.39,1018.91,1023.42,1027.94,1032.46,1036.97,1041.49,1046.00,1050.52,1055.03,1059.55,1064.07,1068.58,1073.10,1077.61,1082.13,1086.64,1091.16,1095.68,1100.19,1104.71,1109.22,1113.74,1118.26,1122.77,1127.29,1131.80,1136.32,1140.84,1145.35,1149.87,
 Segment Global,139.53,139.43,139.35,139.26,139.16,139.02,138.82,138.55,138.18,137.70,137.08,136.31,135.38,134.33,133.20,132.03,130.85,129.69,128.61,127.62,126.78,126.10,125.55,125.10,124.73,124.41,124.10,123.76,123.38,122.92,122.34,121.65,120.86,120.00,119.07,118.09,117.09,116.07,115.06,114.06,113.11,112.19,111.29,110.42,109.56,108.71,107.87,107.03,106.19,105.34,104.48,103.61,102.74,101.87,101.00,100.13, 99.27, 98.41, 97.57, 96.74, 95.92, 95.12, 94.34, 93.57, 92.81, 92.07, 91.35, 90.63, 89.93, 89.24, 88.57, 87.90, 87.26, 86.62, 86.00, 85.40, 84.82, 84.26, 83.72, 83.20, 82.71, 82.24, 81.79, 81.37, 80.97, 80.60, 80.25, 79.92, 79.62, 79.35, 79.09, 78.87, 78.68, 78.51, 78.37, 78.26, 78.17, 78.10, 78.05, 78.02, 78.00, 77.99, 77.99, 78.01, 78.06, 78.15, 78.30, 78.51, 78.80, 79.18, 79.67, 80.26, 80.96, 81.74, 82.58, 83.48, 84.40, 85.34, 86.27, 87.18, 88.05, 88.87, 89.66, 90.42, 91.14, 91.85, 92.53, 93.19, 93.83, 94.47, 95.09, 95.70, 96.28, 96.85, 97.40, 97.94, 98.47, 99.00, 99.52,100.04,100.56,101.09,101.63,102.16,102.69,103.21,103.73,104.22,104.70,105.16,105.59,105.99,106.37,106.73,107.07,107.39,107.70,108.00,108.29,108.58,108.86,109.15,109.44,109.72,109.99,110.26,110.52,110.77,111.00,111.22,111.42,111.60,111.76,111.92,112.06,112.19,112.31,112.43,112.55,112.66,112.78,112.90,113.01,113.13,113.25,113.38,113.51,113.65,113.80,113.95,114.12,114.31,114.51,114.72,114.94,115.16,115.39,115.62,115.85,116.07,116.28,116.49,116.68,116.88,117.08,117.28,117.48,117.69,117.91,118.14,118.39,118.64,118.91,119.18,119.48,119.80,120.15,120.54,120.98,121.46,122.00,122.60,123.26,123.95,124.69,125.46,126.25,127.06,127.87,128.69,129.51,130.32,131.14,131.95,132.75,133.52,134.27,134.97,135.62,136.21,136.73,137.18,137.56,137.88,138.15,138.38,138.58,138.76,138.93,139.09,139.26,


