Timing Information
==========================================================
Clip Duration,719,ms
Average RR Duration,719,ms
Enddiastolic frame time,696.017,ms
Endsystolic  frame time,307.217,ms
Reference time,15.14,ms
Trigger time,15.14,ms



Results
==========================================================
Global
----------------------------------------------------------
EDV,195.78,ml
ESV,112.47,ml
SV,83.31,ml
EF,42.55,%

2D
----------------------------------------------------------
RVDd base (RVD1),28.99,mm
RVDd mid (RVD2),49.98,mm
RVLd (RVD3),97.16,mm
TAPSE,10.90,mm
FAC,31.03,%
RVLS (Septum),-14.66,%
RVLS (Freewall),-15.69,%

Curves
==========================================================
Global
Global
Unit [ml]
Time [ ms],  0.00,  7.39, 14.79, 22.18, 29.57, 36.97, 44.36, 51.76, 59.15, 66.54, 73.94, 77.83, 81.71, 85.60, 89.49, 93.38, 97.27,101.15,105.04,108.93,112.82,116.70,120.59,124.48,128.37,132.26,136.15,140.03,143.92,147.81,151.70,155.58,159.47,163.36,167.25,171.14,175.02,178.91,182.80,186.69,190.58,194.47,198.35,202.24,206.13,210.02,213.91,217.79,221.68,225.57,229.46,233.34,237.23,241.12,245.01,248.90,252.78,256.67,260.56,264.45,268.34,272.22,276.11,280.00,283.89,287.78,291.67,295.55,299.44,303.33,307.22,311.10,314.99,318.88,322.77,326.66,330.54,334.43,338.32,342.21,346.10,349.98,353.87,357.76,361.65,365.54,369.43,373.31,377.20,381.09,384.98,388.87,392.75,396.64,400.53,404.42,408.31,412.19,416.08,419.97,423.86,427.75,431.63,435.52,439.41,443.30,447.19,451.07,454.96,458.85,462.74,466.63,470.51,474.40,478.29,482.18,486.06,489.95,493.84,497.73,501.62,505.50,509.39,513.28,517.17,521.06,524.94,528.83,532.72,536.61,540.50,544.38,548.27,552.16,556.05,559.94,563.83,567.71,571.60,575.49,579.38,583.26,587.15,591.04,594.93,598.82,602.71,606.59,610.48,614.37,618.26,622.15,626.03,629.92,633.81,637.70,641.59,645.47,649.36,653.25,657.14,661.03,664.91,668.80,672.69,676.58,680.47,684.35,688.24,692.13,696.02,
 Segment Global,194.05,192.36,190.66,188.97,187.27,185.59,183.91,182.24,180.59,178.95,177.33,175.73,174.15,172.59,171.05,169.51,167.99,166.46,164.94,163.41,161.88,160.33,158.77,157.21,155.66,154.11,152.59,151.09,149.62,148.19,146.80,145.46,144.16,142.90,141.67,140.48,139.32,138.19,137.09,136.01,134.96,133.93,132.93,131.96,131.01,130.08,129.16,128.25,127.34,126.44,125.53,124.62,123.71,122.80,121.90,121.01,120.15,119.32,118.53,117.77,117.07,116.41,115.81,115.25,114.75,114.29,113.89,113.54,113.24,112.99,112.79,112.63,112.52,112.47,112.49,112.59,112.78,113.08,113.49,114.03,114.71,115.53,116.48,117.56,118.75,120.03,121.41,122.86,124.38,125.95,127.57,129.23,130.94,132.69,134.47,136.26,138.06,139.85,141.63,143.38,145.09,146.77,148.41,150.01,151.55,153.05,154.48,155.85,157.16,158.38,159.53,160.59,161.57,162.46,163.28,164.04,164.74,165.38,165.98,166.55,167.08,167.58,168.05,168.49,168.89,169.27,169.62,169.94,170.23,170.49,170.73,170.95,171.16,171.36,171.54,171.72,171.88,172.04,172.19,172.34,172.48,172.60,172.71,172.81,172.94,173.12,173.36,173.68,174.12,174.69,175.41,176.31,177.37,178.56,179.85,181.19,182.57,183.94,185.28,186.54,187.70,188.75,189.71,190.59,191.42,192.19,192.93,193.64,194.35,195.06,195.78,


