Timing Information
==========================================================
Clip Duration,1179,ms
Average RR Duration,1179,ms
Enddiastolic frame time,1009.09,ms
Endsystolic  frame time,454.974,ms
Reference time,28.536,ms
Trigger time,28.536,ms



Results
==========================================================
Global
----------------------------------------------------------
EDV,251.29,ml
ESV,158.67,ml
SV,92.61,ml
EF,36.86,%

2D
----------------------------------------------------------
RVDd base (RVD1),38.19,mm
RVDd mid (RVD2),63.39,mm
RVLd (RVD3),98.13,mm
TAPSE,15.74,mm
FAC,33.62,%
RVLS (Septum),-9.94,%
RVLS (Freewall),-16.29,%

Curves
==========================================================
Global
Global
Unit [ml]
Time [ ms],  0.00,  3.32,  6.64,  9.95, 13.27, 16.59, 19.91, 23.22, 26.54, 29.86, 33.18, 37.87, 42.56, 47.26, 51.95, 56.65, 61.34, 66.03, 70.73, 75.42, 80.11, 83.43, 86.75, 90.07, 93.39, 96.70,100.02,103.34,106.66,109.97,113.29,116.61,119.93,123.25,126.56,129.88,133.20,136.52,139.83,143.15,146.47,149.79,153.10,156.42,159.74,163.06,166.38,169.69,173.01,176.33,179.65,182.96,186.28,189.60,192.92,196.24,199.55,202.87,206.19,209.51,212.82,216.14,219.46,222.78,226.10,229.41,232.73,236.05,239.37,242.68,246.00,249.32,252.64,255.96,259.27,262.59,265.91,269.23,272.54,275.86,279.18,282.50,285.82,289.13,292.45,295.77,299.09,302.40,305.72,309.04,312.36,315.67,318.99,322.31,325.63,328.95,332.26,335.58,338.90,342.22,345.54,348.85,352.17,355.49,358.81,362.12,365.44,368.76,372.08,375.39,378.71,382.03,385.35,388.67,391.98,395.30,398.62,401.94,405.25,408.57,411.89,415.21,418.53,421.84,425.16,428.48,431.80,435.11,438.43,441.75,445.07,448.39,451.70,455.02,458.34,461.66,464.97,468.29,471.61,474.93,478.25,481.56,484.88,488.20,491.52,494.83,498.15,501.47,504.79,508.11,511.42,514.74,518.06,521.38,524.69,528.01,531.33,534.65,537.96,541.28,544.60,547.92,551.24,554.55,557.87,561.19,564.51,567.82,571.14,574.46,577.78,581.10,584.41,587.73,591.05,594.37,597.68,601.00,604.32,607.64,610.96,614.27,617.59,620.91,624.23,627.54,630.86,634.18,637.50,640.82,644.13,647.45,650.77,654.09,657.40,660.72,664.04,667.36,670.68,673.99,677.31,680.63,683.95,687.26,690.58,693.90,697.22,700.53,703.85,707.17,710.49,713.81,717.12,720.44,723.76,727.08,730.39,733.71,737.03,740.35,743.67,746.98,750.30,753.62,756.94,760.26,763.57,766.89,770.21,773.53,776.84,780.16,783.48,786.80,790.11,793.43,796.75,800.07,803.39,806.70,810.02,813.34,816.66,819.97,823.29,826.61,829.93,833.25,836.56,839.88,843.20,846.52,849.83,853.15,856.47,859.79,863.11,866.42,869.74,873.06,876.38,879.69,883.01,886.33,889.65,892.97,896.28,899.60,902.92,906.24,909.55,912.87,916.19,919.51,922.83,926.14,929.46,932.78,936.10,939.41,942.73,946.05,949.37,952.69,956.00,959.32,962.64,965.96,969.27,972.59,975.91,979.23,982.54,985.86,989.18,992.50,995.82,999.13,1002.45,1005.77,1009.09,1012.40,1015.72,1019.04,1022.36,1025.68,1028.99,1032.31,1035.63,1038.95,1042.26,1045.58,1048.90,1052.22,1055.54,1058.85,1062.17,1065.49,1068.81,1072.12,1075.44,1078.76,1082.08,1085.40,1088.71,1092.03,1095.35,1098.67,1101.98,1105.30,1108.62,1111.94,1115.26,1118.57,1121.89,1125.21,1128.53,1131.84,1135.16,1138.48,1141.80,1145.11,1148.43,1151.75,1155.07,1158.39,1161.70,1165.02,1168.34,1171.66,1174.98,
 Segment Global,250.68,250.60,250.55,250.50,250.42,250.28,250.05,249.70,249.19,248.50,247.60,246.44,245.03,243.44,241.73,239.96,238.19,236.49,234.91,233.52,232.38,231.52,230.90,230.47,230.19,230.03,229.94,229.89,229.84,229.75,229.58,229.33,229.04,228.69,228.31,227.89,227.43,226.95,226.43,225.89,225.32,224.72,224.09,223.42,222.73,222.00,221.25,220.48,219.68,218.87,218.05,217.21,216.36,215.49,214.61,213.72,212.82,211.93,211.03,210.14,209.26,208.38,207.51,206.65,205.79,204.93,204.07,203.21,202.33,201.45,200.55,199.63,198.71,197.78,196.83,195.88,194.93,193.96,192.99,192.01,191.03,190.04,189.05,188.05,187.05,186.05,185.06,184.07,183.08,182.10,181.13,180.17,179.22,178.28,177.35,176.43,175.54,174.66,173.81,172.98,172.18,171.40,170.65,169.92,169.23,168.55,167.91,167.29,166.69,166.12,165.58,165.06,164.57,164.11,163.67,163.25,162.86,162.48,162.12,161.78,161.44,161.12,160.83,160.56,160.31,160.08,159.86,159.67,159.49,159.32,159.17,159.02,158.88,158.75,158.68,158.67,158.75,158.94,159.26,159.73,160.38,161.20,162.18,163.31,164.58,165.98,167.49,169.11,170.83,172.64,174.51,176.47,178.51,180.62,182.77,184.96,187.17,189.38,191.57,193.73,195.84,197.91,199.92,201.88,203.78,205.62,207.39,209.08,210.70,212.22,213.66,215.00,216.25,217.40,218.47,219.46,220.37,221.21,221.99,222.71,223.37,223.97,224.51,225.00,225.45,225.86,226.25,226.63,227.00,227.38,227.78,228.19,228.62,229.06,229.52,229.99,230.46,230.95,231.44,231.93,232.44,232.95,233.47,234.00,234.54,235.07,235.60,236.12,236.63,237.12,237.59,238.02,238.43,238.82,239.20,239.57,239.94,240.31,240.71,241.12,241.57,242.05,242.57,243.10,243.65,244.18,244.70,245.19,245.64,246.03,246.34,246.59,246.76,246.88,246.96,246.99,247.00,247.00,246.99,246.99,247.00,247.03,247.07,247.11,247.16,247.22,247.28,247.34,247.40,247.47,247.53,247.60,247.67,247.74,247.82,247.90,247.98,248.05,248.12,248.19,248.25,248.30,248.34,248.37,248.40,248.43,248.47,248.52,248.57,248.64,248.73,248.84,248.98,249.12,249.28,249.43,249.59,249.74,249.87,249.98,250.07,250.13,250.16,250.17,250.17,250.15,250.14,250.14,250.15,250.17,250.23,250.32,250.43,250.57,250.72,250.86,251.00,251.12,251.22,251.27,251.29,251.24,251.16,251.04,250.89,250.72,250.55,250.38,250.23,250.09,249.99,249.92,249.88,249.87,249.87,249.89,249.91,249.93,249.95,249.97,249.96,249.95,249.91,249.87,249.83,249.79,249.75,249.72,249.71,249.72,249.75,249.80,249.88,249.98,250.09,250.20,250.32,250.43,250.54,250.62,250.69,250.74,250.78,250.79,250.80,250.80,250.79,250.77,250.75,250.74,250.72,


