Timing Information
==========================================================
Clip Duration,1061,ms
Average RR Duration,1061,ms
Enddiastolic frame time,1069.7,ms
Endsystolic  frame time,482.177,ms
Reference time,44.146,ms
Trigger time,44.146,ms



Results
==========================================================
Global
----------------------------------------------------------
EDV,237.24,ml
EDVi,104.32,ml/m²
ESV,141.76,ml
ESVi,62.33,ml/m²
SV,95.48,ml
EF,40.25,%

2D
----------------------------------------------------------
RVDd base (RVD1),45.64,mm
RVDd mid (RVD2),66.04,mm
RVLd (RVD3),95.05,mm
TAPSE,16.14,mm
FAC,36.98,%
RVLS (Septum),-13.51,%
RVLS (Freewall),-24.71,%

Curves
==========================================================
Global
Global
Unit [ml]
Time [ ms], 34.56, 41.31, 48.05, 54.80, 61.54, 68.29, 75.03, 81.78, 88.53, 95.27,102.02,105.47,108.93,112.38,115.84,119.30,122.75,126.21,129.66,133.12,136.58,140.03,143.49,146.94,150.40,153.86,157.31,160.77,164.22,167.68,171.14,174.59,178.05,181.51,184.96,188.42,191.87,195.33,198.79,202.24,205.70,209.15,212.61,216.06,219.52,222.98,226.43,229.89,233.34,236.80,240.26,243.71,247.17,250.62,254.08,257.54,260.99,264.45,267.90,271.36,274.82,278.27,281.73,285.19,288.64,292.10,295.55,299.01,302.46,305.92,309.38,312.83,316.29,319.75,323.20,326.66,330.11,333.57,337.02,340.48,343.94,347.39,350.85,354.30,357.76,361.22,364.67,368.13,371.59,375.04,378.50,381.95,385.41,388.87,392.32,395.78,399.23,402.69,406.14,409.60,413.06,416.51,419.97,423.43,426.88,430.34,433.79,437.25,440.71,444.16,447.62,451.07,454.53,457.99,461.44,464.90,468.35,471.81,475.26,478.72,482.18,485.63,489.09,492.55,496.00,499.46,502.91,506.37,509.82,513.28,516.74,520.19,523.65,527.11,530.56,534.02,537.47,540.93,544.38,547.84,551.30,554.75,558.21,561.67,565.12,568.58,572.03,575.49,578.94,582.40,585.86,589.31,592.77,596.23,599.68,603.14,606.59,610.05,613.50,616.96,620.42,623.87,627.33,630.78,634.24,637.70,641.15,644.61,648.06,651.52,654.98,658.43,661.89,665.35,668.80,672.26,675.71,679.17,682.63,686.08,689.54,692.99,696.45,699.90,703.36,706.82,710.27,713.73,717.19,720.64,724.10,727.55,731.01,734.46,737.92,741.38,744.83,748.29,751.75,755.20,758.66,762.11,765.57,769.03,772.48,775.94,779.39,782.85,786.30,789.76,793.22,796.67,800.13,803.58,807.04,810.50,813.95,817.41,820.87,824.32,827.78,831.23,834.69,838.14,841.60,845.06,848.51,851.97,855.43,858.88,862.34,865.79,869.25,872.71,876.16,879.62,883.07,886.53,889.99,893.44,896.90,900.35,903.81,907.26,910.72,914.18,917.63,921.09,924.54,928.00,931.46,934.91,938.37,941.83,945.28,948.74,952.19,955.65,959.11,962.56,966.02,969.47,972.93,976.39,979.84,983.30,986.75,990.21,993.66,997.12,1000.58,1004.03,1007.49,1010.94,1014.40,1017.86,1021.31,1024.77,1028.22,1031.68,1035.14,1038.59,1042.05,1045.50,1048.96,1052.42,1055.87,1059.33,1062.79,1066.24,1069.70,1073.15,1076.61,1080.07,1083.52,1086.98,1090.43,1093.89,1097.35,1100.80,1104.26,
 Segment Global,215.94,215.83,215.71,215.57,215.44,215.34,215.26,215.24,215.27,215.39,215.59,215.91,216.35,216.85,217.38,217.89,218.34,218.68,218.86,218.85,218.60,218.08,217.33,216.39,215.28,214.06,212.75,211.41,210.06,208.75,207.51,206.34,205.22,204.14,203.11,202.11,201.15,200.22,199.32,198.45,197.61,196.81,196.07,195.35,194.67,193.99,193.32,192.63,191.91,191.15,190.34,189.46,188.53,187.56,186.56,185.54,184.52,183.50,182.49,181.52,180.58,179.68,178.82,177.98,177.17,176.38,175.60,174.84,174.09,173.35,172.60,171.86,171.14,170.41,169.69,168.98,168.27,167.56,166.85,166.13,165.42,164.69,163.97,163.23,162.50,161.76,161.03,160.30,159.58,158.87,158.16,157.47,156.80,156.14,155.49,154.84,154.18,153.50,152.82,152.11,151.37,150.60,149.81,149.00,148.20,147.40,146.63,145.88,145.18,144.54,143.96,143.44,142.98,142.58,142.25,142.00,141.84,141.76,141.79,141.91,142.15,142.51,142.98,143.55,144.22,144.98,145.82,146.74,147.72,148.76,149.85,150.99,152.18,153.42,154.70,156.01,157.35,158.72,160.11,161.51,162.92,164.34,165.76,167.19,168.61,170.01,171.39,172.75,174.07,175.34,176.57,177.74,178.85,179.91,180.93,181.91,182.85,183.77,184.67,185.56,186.43,187.31,188.17,189.02,189.86,190.67,191.44,192.18,192.88,193.53,194.13,194.67,195.14,195.57,195.97,196.35,196.72,197.10,197.50,197.94,198.43,198.97,199.56,200.19,200.84,201.49,202.13,202.74,203.32,203.85,204.30,204.69,205.01,205.28,205.50,205.68,205.81,205.91,205.97,206.01,206.03,206.03,206.00,205.94,205.87,205.76,205.63,205.48,205.30,205.10,204.87,204.62,204.35,204.06,203.75,203.44,203.12,202.79,202.47,202.15,201.85,201.56,201.28,201.01,200.75,200.51,200.28,200.06,199.86,199.66,199.47,199.29,199.13,198.99,198.86,198.76,198.70,198.66,198.67,198.72,198.82,198.96,199.15,199.39,199.68,200.01,200.40,200.84,201.32,201.86,202.45,203.08,203.77,204.50,205.29,206.12,207.01,207.94,208.93,209.97,211.06,212.21,213.41,214.64,215.91,217.20,218.51,219.82,221.14,222.44,223.73,225.01,226.26,227.50,228.70,229.85,230.95,231.98,232.93,233.79,234.55,235.21,235.78,236.25,236.62,236.91,237.10,237.22,237.24,237.19,237.06,236.84,236.54,236.18,235.75,235.27,234.76,234.21,233.64,233.07,232.49,


