Timing Information
==========================================================
Clip Duration,1308,ms
Average RR Duration,1308,ms
Enddiastolic frame time,1275.1,ms
Endsystolic  frame time,421.466,ms
Reference time,31.15,ms
Trigger time,31.15,ms



Results
==========================================================
Global
----------------------------------------------------------
EDV,150.43,ml
EDVi,82.50,ml/m²
ESV,98.56,ml
ESVi,54.05,ml/m²
SV,51.87,ml
EF,34.48,%

2D
----------------------------------------------------------
RVDd base (RVD1),43.05,mm
RVDd mid (RVD2),47.19,mm
RVLd (RVD3),87.43,mm
TAPSE,13.29,mm
FAC,30.03,%
RVLS (Septum),-13.46,%
RVLS (Freewall),-14.24,%

Curves
==========================================================
Global
Global
Unit [ml]
Time [ ms],  0.00,  4.49,  8.99, 13.48, 17.97, 22.46, 26.96, 31.45, 35.94, 40.44, 44.93, 51.13, 57.34, 63.54, 69.74, 75.95, 82.15, 88.36, 94.56,100.77,106.97,111.46,115.96,120.45,124.94,129.43,133.93,138.42,142.91,147.41,151.90,156.39,160.88,165.38,169.87,174.36,178.85,183.35,187.84,192.33,196.83,201.32,205.81,210.30,214.80,219.29,223.78,228.28,232.77,237.26,241.75,246.25,250.74,255.23,259.73,264.22,268.71,273.20,277.70,282.19,286.68,291.17,295.67,300.16,304.65,309.15,313.64,318.13,322.62,327.12,331.61,336.10,340.60,345.09,349.58,354.07,358.57,363.06,367.55,372.05,376.54,381.03,385.52,390.02,394.51,399.00,403.49,407.99,412.48,416.97,421.47,425.96,430.45,434.94,439.44,443.93,448.42,452.92,457.41,461.90,466.39,470.89,475.38,479.87,484.37,488.86,493.35,497.84,502.34,506.83,511.32,515.81,520.31,524.80,529.29,533.79,538.28,542.77,547.26,551.76,556.25,560.74,565.24,569.73,574.22,578.71,583.21,587.70,592.19,596.69,601.18,605.67,610.16,614.66,619.15,623.64,628.13,632.63,637.12,641.61,646.11,650.60,655.09,659.58,664.08,668.57,673.06,677.56,682.05,686.54,691.03,695.53,700.02,704.51,709.01,713.50,717.99,722.48,726.98,731.47,735.96,740.45,744.95,749.44,753.93,758.43,762.92,767.41,771.90,776.40,780.89,785.38,789.88,794.37,798.86,803.35,807.85,812.34,816.83,821.33,825.82,830.31,834.80,839.30,843.79,848.28,852.77,857.27,861.76,866.25,870.75,875.24,879.73,884.22,888.72,893.21,897.70,902.20,906.69,911.18,915.67,920.17,924.66,929.15,933.65,938.14,942.63,947.12,951.62,956.11,960.60,965.09,969.59,974.08,978.57,983.07,987.56,992.05,996.54,1001.04,1005.53,1010.02,1014.52,1019.01,1023.50,1027.99,1032.49,1036.98,1041.47,1045.97,1050.46,1054.95,1059.44,1063.94,1068.43,1072.92,1077.41,1081.91,1086.40,1090.89,1095.39,1099.88,1104.37,1108.86,1113.36,1117.85,1122.34,1126.84,1131.33,1135.82,1140.31,1144.81,1149.30,1153.79,1158.29,1162.78,1167.27,1171.76,1176.26,1180.75,1185.24,1189.73,1194.23,1198.72,1203.21,1207.71,1212.20,1216.69,1221.18,1225.68,1230.17,1234.66,1239.16,1243.65,1248.14,1252.63,1257.13,1261.62,1266.11,1270.61,1275.10,1279.59,1284.08,1288.58,1293.07,1297.56,1302.05,1306.55,1311.04,1315.53,1320.03,
 Segment Global,148.95,148.50,148.02,147.55,147.09,146.65,146.26,145.92,145.65,145.47,145.39,145.43,145.59,145.84,146.12,146.42,146.70,146.92,147.03,147.02,146.84,146.48,145.97,145.31,144.55,143.69,142.76,141.79,140.80,139.81,138.84,137.89,136.94,135.99,135.05,134.11,133.17,132.23,131.30,130.36,129.42,128.49,127.57,126.66,125.75,124.85,123.96,123.06,122.16,121.25,120.34,119.42,118.49,117.57,116.64,115.73,114.82,113.93,113.06,112.22,111.40,110.61,109.84,109.10,108.39,107.71,107.05,106.42,105.83,105.26,104.72,104.22,103.75,103.32,102.91,102.53,102.17,101.83,101.50,101.17,100.85,100.53,100.20, 99.88, 99.58, 99.30, 99.05, 98.84, 98.69, 98.59, 98.56, 98.60, 98.71, 98.88, 99.09, 99.32, 99.57, 99.82,100.05,100.26,100.43,100.55,100.64,100.71,100.74,100.76,100.76,100.74,100.71,100.68,100.64,100.60,100.54,100.48,100.42,100.37,100.33,100.31,100.33,100.37,100.46,100.60,100.78,101.00,101.25,101.54,101.84,102.17,102.51,102.86,103.21,103.57,103.93,104.29,104.67,105.06,105.47,105.90,106.36,106.84,107.36,107.92,108.52,109.14,109.77,110.40,111.03,111.63,112.21,112.75,113.24,113.67,114.06,114.40,114.71,114.98,115.22,115.43,115.62,115.79,115.94,116.07,116.18,116.28,116.35,116.42,116.48,116.53,116.59,116.65,116.72,116.81,116.90,117.01,117.12,117.23,117.35,117.46,117.57,117.68,117.77,117.85,117.93,118.00,118.07,118.14,118.21,118.29,118.37,118.46,118.57,118.69,118.82,118.95,119.10,119.26,119.42,119.58,119.75,119.92,120.10,120.27,120.45,120.63,120.82,121.00,121.18,121.37,121.55,121.73,121.91,122.09,122.26,122.43,122.60,122.77,122.94,123.10,123.27,123.43,123.59,123.76,123.92,124.09,124.25,124.41,124.57,124.72,124.86,125.00,125.14,125.26,125.39,125.51,125.62,125.74,125.85,125.95,126.04,126.13,126.21,126.28,126.34,126.40,126.46,126.55,126.66,126.81,127.01,127.27,127.59,127.98,128.42,128.91,129.47,130.08,130.75,131.49,132.30,133.18,134.12,135.15,136.26,137.43,138.63,139.85,141.06,142.23,143.34,144.38,145.32,146.16,146.90,147.55,148.12,148.61,149.03,149.39,149.69,149.94,150.14,150.29,150.38,150.43,150.43,150.40,150.34,150.26,150.16,150.06,149.95,


