Timing Information
==========================================================
Clip Duration,1159,ms
Average RR Duration,1159,ms
Enddiastolic frame time,1169.53,ms
Endsystolic  frame time,572.328,ms
Reference time,28.417,ms
Trigger time,28.417,ms



Results
==========================================================
Global
----------------------------------------------------------
EDV,291.82,ml
ESV,179.28,ml
SV,112.54,ml
EF,38.56,%

2D
----------------------------------------------------------
RVDd base (RVD1),52.92,mm
RVDd mid (RVD2),73.45,mm
RVLd (RVD3),103.83,mm
TAPSE,13.06,mm
FAC,32.01,%
RVLS (Septum),-12.48,%
RVLS (Freewall),-21.82,%

Curves
==========================================================
Global
Global
Unit [ml]
Time [ ms],  0.00,  3.73,  7.46, 11.20, 14.93, 18.66, 22.39, 26.13, 29.86, 33.59, 37.33, 42.30, 47.28, 52.26, 57.24, 62.22, 67.19, 72.17, 77.15, 82.13, 87.11, 90.84, 94.57, 98.30,102.04,105.77,109.50,113.23,116.97,120.70,124.43,128.16,131.90,135.63,139.36,143.09,146.83,150.56,154.29,158.02,161.75,165.49,169.22,172.95,176.69,180.42,184.15,187.88,191.62,195.35,199.08,202.81,206.55,210.28,214.01,217.74,221.47,225.21,228.94,232.67,236.41,240.14,243.87,247.60,251.34,255.07,258.80,262.53,266.27,270.00,273.73,277.46,281.20,284.93,288.66,292.39,296.13,299.86,303.59,307.32,311.06,314.79,318.52,322.25,325.98,329.72,333.45,337.18,340.91,344.65,348.38,352.11,355.84,359.58,363.31,367.04,370.77,374.51,378.24,381.97,385.70,389.44,393.17,396.90,400.63,404.37,408.10,411.83,415.56,419.30,423.03,426.76,430.49,434.23,437.96,441.69,445.42,449.16,452.89,456.62,460.35,464.09,467.82,471.55,475.28,479.02,482.75,486.48,490.21,493.95,497.68,501.41,505.14,508.88,512.61,516.34,520.07,523.81,527.54,531.27,535.00,538.74,542.47,546.20,549.93,553.67,557.40,561.13,564.86,568.60,572.33,576.06,579.79,583.53,587.26,590.99,594.72,598.46,602.19,605.92,609.65,613.39,617.12,620.85,624.58,628.32,632.05,635.78,639.51,643.25,646.98,650.71,654.44,658.18,661.91,665.64,669.37,673.11,676.84,680.57,684.30,688.04,691.77,695.50,699.23,702.97,706.70,710.43,714.16,717.89,721.63,725.36,729.09,732.82,736.56,740.29,744.02,747.75,751.49,755.22,758.95,762.68,766.42,770.15,773.88,777.61,781.35,785.08,788.81,792.54,796.28,800.01,803.74,807.47,811.21,814.94,818.67,822.40,826.14,829.87,833.60,837.33,841.07,844.80,848.53,852.26,856.00,859.73,863.46,867.19,870.93,874.66,878.39,882.12,885.86,889.59,893.32,897.05,900.79,904.52,908.25,911.98,915.72,919.45,923.18,926.91,930.65,934.38,938.11,941.84,945.58,949.31,953.04,956.77,960.51,964.24,967.97,971.70,975.44,979.17,982.90,986.63,990.37,994.10,997.83,1001.56,1005.30,1009.03,1012.76,1016.49,1020.23,1023.96,1027.69,1031.42,1035.16,1038.89,1042.62,1046.35,1050.09,1053.82,1057.55,1061.28,1065.02,1068.75,1072.48,1076.21,1079.95,1083.68,1087.41,1091.14,1094.88,1098.61,1102.34,1106.07,1109.81,1113.54,1117.27,1121.00,1124.74,1128.47,1132.20,1135.93,1139.67,1143.40,1147.13,1150.86,1154.60,1158.33,1162.06,1165.79,1169.53,
 Segment Global,291.74,290.25,288.76,287.29,285.82,284.37,282.92,281.48,280.04,278.61,277.18,275.73,274.27,272.81,271.39,270.04,268.79,267.66,266.69,265.91,265.34,265.02,264.93,265.02,265.24,265.52,265.83,266.11,266.30,266.36,266.23,265.90,265.39,264.75,263.98,263.11,262.17,261.18,260.16,259.14,258.14,257.16,256.17,255.18,254.19,253.19,252.21,251.23,250.27,249.33,248.40,247.50,246.63,245.78,244.95,244.13,243.32,242.50,241.67,240.84,239.98,239.10,238.21,237.31,236.40,235.48,234.55,233.63,232.70,231.77,230.84,229.90,228.96,228.02,227.10,226.19,225.31,224.46,223.66,222.91,222.21,221.59,221.03,220.52,220.05,219.62,219.22,218.83,218.45,218.07,217.68,217.28,216.87,216.45,216.04,215.63,215.23,214.84,214.47,214.12,213.80,213.51,213.23,212.97,212.73,212.48,212.24,211.98,211.72,211.43,211.12,210.78,210.42,210.03,209.61,209.17,208.71,208.21,207.70,207.15,206.59,206.00,205.40,204.78,204.12,203.42,202.67,201.86,200.98,200.02,198.97,197.83,196.60,195.32,193.99,192.64,191.29,189.95,188.63,187.37,186.18,185.06,183.99,182.99,182.08,181.28,180.58,180.02,179.61,179.36,179.28,179.39,179.67,180.12,180.72,181.46,182.34,183.34,184.45,185.67,186.97,188.36,189.86,191.44,193.07,194.76,196.48,198.21,199.93,201.64,203.31,204.94,206.53,208.09,209.59,211.04,212.42,213.73,214.96,216.11,217.16,218.11,218.95,219.71,220.38,220.99,221.54,222.04,222.51,222.95,223.39,223.80,224.20,224.58,224.94,225.30,225.66,226.02,226.39,226.77,227.17,227.59,228.04,228.50,228.98,229.46,229.95,230.44,230.93,231.40,231.87,232.32,232.76,233.19,233.62,234.03,234.44,234.83,235.21,235.58,235.94,236.28,236.60,236.91,237.22,237.52,237.81,238.11,238.42,238.74,239.07,239.41,239.76,240.13,240.50,240.88,241.27,241.67,242.07,242.49,242.91,243.35,243.80,244.26,244.71,245.17,245.61,246.04,246.44,246.81,247.14,247.44,247.70,247.94,248.15,248.35,248.54,248.73,248.92,249.13,249.35,249.59,249.86,250.15,250.46,250.79,251.15,251.54,251.95,252.39,252.86,253.33,253.81,254.31,254.86,255.50,256.23,257.09,258.10,259.29,260.68,262.30,264.14,266.13,268.24,270.40,272.57,274.68,276.69,278.54,280.18,281.60,282.82,283.87,284.77,285.55,286.23,286.82,287.35,287.85,288.34,288.81,289.24,289.64,290.01,290.35,290.67,290.98,291.27,291.55,291.82,


