Timing Information
==========================================================
Clip Duration,1259.83,ms
Average RR Duration,1247.46,ms
Enddiastolic frame time,8.34454,ms
Endsystolic  frame time,372.48,ms
Reference time,8.34454,ms
Trigger time,16.873,ms



Results
==========================================================
Global
----------------------------------------------------------
EDV,196.21,ml
ESV,94.18,ml
SV,102.04,ml
EF,52.00,%

2D
----------------------------------------------------------
RVDd base (RVD1),30.41,mm
RVDd mid (RVD2),48.08,mm
RVLd (RVD3),86.29,mm
TAPSE,21.70,mm
FAC,40.61,%
RVLS (Septum),-17.03,%
RVLS (Freewall),-23.01,%

Curves
==========================================================
Global
Global
Unit [ml]
Time [ ms],  0.00,  7.53, 15.06, 22.60, 30.13, 37.66, 45.19, 52.72, 60.25, 67.79, 75.32, 79.04, 82.77, 86.49, 90.22, 93.94, 97.67,101.39,105.12,108.84,112.56,116.29,120.01,123.74,127.46,131.19,134.91,138.64,142.36,146.09,149.81,153.54,157.26,160.99,164.71,168.44,172.16,175.89,179.61,183.34,187.06,190.79,194.51,198.24,201.96,205.69,209.41,213.13,216.86,220.58,224.31,228.03,231.76,235.48,239.21,242.93,246.66,250.38,254.11,257.83,261.56,265.28,269.01,272.73,276.46,280.18,283.91,287.63,291.36,295.08,298.81,302.53,306.25,309.98,313.70,317.43,321.15,324.88,328.60,332.33,336.05,339.78,343.50,347.23,350.95,354.68,358.40,362.13,365.85,369.58,373.30,377.03,380.75,384.48,388.20,391.93,395.65,399.37,403.10,406.82,410.55,414.27,418.00,421.72,425.45,429.17,432.90,436.62,440.35,444.07,447.80,451.52,455.25,458.97,462.70,466.42,470.15,473.87,477.60,481.32,485.05,488.77,492.49,496.22,499.94,503.67,507.39,511.12,514.84,518.57,522.29,526.02,529.74,533.47,537.19,540.92,544.64,548.37,552.09,555.82,559.54,563.27,566.99,570.72,574.44,578.17,581.89,585.61,589.34,593.06,596.79,600.51,604.24,607.96,611.69,615.41,619.14,622.86,626.59,630.31,634.04,637.76,641.49,645.21,648.94,652.66,656.39,660.11,663.84,667.56,671.28,675.01,678.73,682.46,686.18,689.91,693.63,697.36,701.08,704.81,708.53,712.26,715.98,719.71,723.43,727.16,730.88,734.61,738.33,742.06,745.78,749.51,753.23,756.96,760.68,764.40,768.13,771.85,775.58,779.30,783.03,786.75,790.48,794.20,797.93,801.65,805.38,809.10,812.83,816.55,820.28,824.00,827.73,831.45,835.18,838.90,842.63,846.35,850.08,853.80,857.52,861.25,864.97,868.70,872.42,876.15,879.87,883.60,887.32,891.05,894.77,898.50,902.22,905.95,909.67,913.40,917.12,920.85,924.57,928.30,932.02,935.75,939.47,943.20,946.92,950.65,954.37,958.09,961.82,965.54,969.27,972.99,976.72,980.44,984.17,987.89,991.62,995.34,999.07,1002.79,1006.52,1010.24,1013.97,1017.69,1021.42,1025.14,1028.87,1032.59,1036.32,1040.04,1043.77,1047.49,1051.21,1054.94,1058.66,1062.39,1066.11,1069.84,1073.56,1077.29,1081.01,1084.74,1088.46,1092.19,1095.91,1099.64,1103.36,1107.09,1110.81,1114.54,1118.26,1121.99,1125.71,1129.44,1133.16,1136.88,1140.61,1144.33,1148.06,1151.78,1155.51,1159.23,1162.96,1166.68,1170.41,1174.13,1177.86,1181.58,1185.31,1189.03,1192.76,1196.48,1200.21,1203.93,1207.66,1211.38,1215.11,1218.83,1222.56,1226.28,1230.01,
 Segment Global,196.21,194.24,192.26,190.28,188.32,186.40,184.53,182.72,180.99,179.36,177.85,176.46,175.19,174.03,172.95,171.93,170.94,169.96,168.98,167.96,166.89,165.76,164.58,163.35,162.10,160.85,159.59,158.35,157.15,155.99,154.88,153.86,152.89,151.96,151.04,150.13,149.19,148.20,147.15,146.01,144.77,143.40,141.93,140.38,138.76,137.10,135.41,133.72,132.05,130.41,128.83,127.30,125.82,124.38,122.98,121.62,120.30,119.02,117.77,116.56,115.38,114.24,113.13,112.07,111.05,110.06,109.12,108.22,107.35,106.53,105.74,105.00,104.31,103.65,103.03,102.44,101.87,101.31,100.78,100.25, 99.72, 99.20, 98.68, 98.17, 97.67, 97.20, 96.74, 96.32, 95.92, 95.57, 95.25, 94.97, 94.73, 94.52, 94.36, 94.25, 94.18, 94.18, 94.23, 94.35, 94.54, 94.81, 95.14, 95.54, 96.00, 96.51, 97.07, 97.66, 98.29, 98.94, 99.61,100.30,101.01,101.74,102.49,103.27,104.06,104.88,105.71,106.57,107.45,108.35,109.26,110.19,111.14,112.10,113.08,114.08,115.11,116.15,117.21,118.29,119.39,120.50,121.64,122.78,123.95,125.13,126.32,127.53,128.74,129.97,131.19,132.42,133.66,134.91,136.17,137.46,138.76,140.09,141.45,142.85,144.27,145.72,147.15,148.57,149.95,151.26,152.50,153.65,154.68,155.59,156.39,157.08,157.69,158.21,158.67,159.06,159.40,159.70,159.97,160.21,160.41,160.58,160.70,160.79,160.83,160.83,160.79,160.69,160.54,160.34,160.10,159.81,159.50,159.16,158.82,158.47,158.14,157.82,157.53,157.27,157.04,156.84,156.66,156.50,156.35,156.21,156.09,155.97,155.85,155.74,155.63,155.54,155.45,155.37,155.29,155.23,155.16,155.11,155.06,155.02,154.98,154.95,154.92,154.90,154.89,154.88,154.88,154.88,154.90,154.92,154.95,154.99,155.03,155.07,155.12,155.16,155.21,155.25,155.28,155.30,155.33,155.34,155.35,155.37,155.38,155.40,155.42,155.45,155.48,155.53,155.58,155.64,155.70,155.77,155.84,155.91,155.99,156.06,156.14,156.21,156.29,156.37,156.45,156.53,156.61,156.68,156.75,156.81,156.86,156.91,156.95,156.99,157.03,157.07,157.12,157.17,157.23,157.30,157.38,157.47,157.56,157.67,157.81,157.98,158.19,158.46,158.79,159.18,159.66,160.22,160.86,161.58,162.35,163.19,164.07,164.98,165.92,166.88,167.86,168.83,169.81,170.79,171.79,172.82,173.87,174.96,176.10,177.29,178.53,179.85,181.24,182.66,184.10,185.52,186.90,188.22,189.44,190.53,191.48,192.27,192.93,193.46,193.90,194.25,194.55,194.80,195.03,195.25,195.49,


