Timing Information
==========================================================
Clip Duration,860,ms
Average RR Duration,860,ms
Enddiastolic frame time,807.096,ms
Endsystolic  frame time,375.787,ms
Reference time,5.122,ms
Trigger time,5.122,ms



Results
==========================================================
Global
----------------------------------------------------------
EDV,255.36,ml
EDVi,140.45,ml/m²
ESV,126.74,ml
ESVi,69.71,ml/m²
SV,128.62,ml
EF,50.37,%

2D
----------------------------------------------------------
RVDd base (RVD1),32.89,mm
RVDd mid (RVD2),59.25,mm
RVLd (RVD3),90.86,mm
TAPSE,25.00,mm
FAC,50.09,%
RVLS (Septum),-20.22,%
RVLS (Freewall),-24.76,%

Curves
==========================================================
Global
Global
Unit [ml]
Time [ ms],  0.00,  8.82, 17.65, 26.47, 35.30, 44.12, 52.95, 61.77, 70.60, 79.42, 88.25, 93.04, 97.83,102.62,107.42,112.21,117.00,121.79,126.59,131.38,136.17,140.96,145.76,150.55,155.34,160.13,164.92,169.72,174.51,179.30,184.09,188.89,193.68,198.47,203.26,208.06,212.85,217.64,222.43,227.22,232.02,236.81,241.60,246.39,251.19,255.98,260.77,265.56,270.36,275.15,279.94,284.73,289.52,294.32,299.11,303.90,308.69,313.49,318.28,323.07,327.86,332.66,337.45,342.24,347.03,351.83,356.62,361.41,366.20,370.99,375.79,380.58,385.37,390.16,394.96,399.75,404.54,409.33,414.13,418.92,423.71,428.50,433.29,438.09,442.88,447.67,452.46,457.26,462.05,466.84,471.63,476.43,481.22,486.01,490.80,495.59,500.39,505.18,509.97,514.76,519.56,524.35,529.14,533.93,538.73,543.52,548.31,553.10,557.90,562.69,567.48,572.27,577.06,581.86,586.65,591.44,596.23,601.03,605.82,610.61,615.40,620.20,624.99,629.78,634.57,639.36,644.16,648.95,653.74,658.53,663.33,668.12,672.91,677.70,682.50,687.29,692.08,696.87,701.66,706.46,711.25,716.04,720.83,725.63,730.42,735.21,740.00,744.80,749.59,754.38,759.17,763.96,768.76,773.55,778.34,783.13,787.93,792.72,797.51,802.30,807.10,811.89,816.68,821.47,826.27,831.06,835.85,840.64,845.43,850.23,855.02,
 Segment Global,234.49,232.81,231.16,229.50,227.82,226.11,224.36,222.53,220.63,218.63,216.52,214.28,211.92,209.46,206.94,204.37,201.77,199.19,196.63,194.13,191.72,189.39,187.13,184.95,182.82,180.74,178.70,176.70,174.72,172.76,170.82,168.89,166.99,165.11,163.27,161.46,159.68,157.95,156.26,154.62,153.03,151.49,149.99,148.54,147.14,145.79,144.49,143.25,142.07,140.95,139.88,138.89,137.96,137.09,136.28,135.51,134.78,134.09,133.42,132.77,132.13,131.52,130.92,130.36,129.83,129.33,128.87,128.45,128.07,127.74,127.45,127.19,126.98,126.82,126.74,126.77,126.93,127.25,127.75,128.45,129.38,130.53,131.89,133.45,135.20,137.13,139.26,141.56,144.03,146.67,149.48,152.46,155.61,158.90,162.28,165.71,169.17,172.60,175.97,179.25,182.39,185.40,188.29,191.05,193.67,196.12,198.39,200.48,202.36,204.03,205.46,206.63,207.55,208.26,208.78,209.15,209.40,209.56,209.67,209.75,209.84,209.95,210.05,210.17,210.30,210.47,210.67,210.92,211.23,211.61,212.07,212.59,213.18,213.84,214.61,215.49,216.51,217.68,219.02,220.54,222.27,224.23,226.41,228.76,231.21,233.73,236.24,238.71,241.07,243.27,245.26,247.02,248.60,250.00,251.22,252.27,253.16,253.89,254.47,254.91,255.21,255.36,255.35,255.21,254.95,254.59,254.16,253.68,253.15,252.61,252.07,


