Timing Information
==========================================================
Clip Duration,1170.14,ms
Average RR Duration,1141.79,ms
Enddiastolic frame time,9.95785,ms
Endsystolic  frame time,359.923,ms
Reference time,9.95785,ms
Trigger time,20.835,ms



Results
==========================================================
Global
----------------------------------------------------------
EDV,147.57,ml
ESV,62.02,ml
SV,85.55,ml
EF,57.97,%

2D
----------------------------------------------------------
RVDd base (RVD1),15.43,mm
RVDd mid (RVD2),38.59,mm
RVLd (RVD3),95.40,mm
TAPSE,20.69,mm
FAC,49.85,%
RVLS (Septum),-18.34,%
RVLS (Freewall),-30.44,%

Curves
==========================================================
Global
Global
Unit [ml]
Time [ ms],  0.00,  5.38, 10.76, 16.14, 21.52, 26.90, 32.27, 37.65, 43.03, 48.41, 53.79, 56.36, 58.93, 61.50, 64.07, 66.65, 69.22, 71.79, 74.36, 76.93, 79.50, 82.07, 84.64, 87.21, 89.78, 92.35, 94.93, 97.50,100.07,102.64,105.21,107.78,110.35,112.92,115.49,118.06,120.63,123.21,125.78,128.35,130.92,133.49,136.06,138.63,141.20,143.77,146.34,148.91,151.49,154.06,156.63,159.20,161.77,164.34,166.91,169.48,172.05,174.62,177.19,179.76,182.34,184.91,187.48,190.05,192.62,195.19,197.76,200.33,202.90,205.47,208.04,210.61,213.19,215.76,218.33,220.90,223.47,226.04,228.61,231.18,233.75,236.32,238.89,241.47,244.04,246.61,249.18,251.75,254.32,256.89,259.46,262.03,264.60,267.17,269.75,272.32,274.89,277.46,280.03,282.60,285.17,287.74,290.31,292.88,295.45,298.02,300.60,303.17,305.74,308.31,310.88,313.45,316.02,318.59,321.16,323.73,326.30,328.88,331.45,334.02,336.59,339.16,341.73,344.30,346.87,349.44,352.01,354.58,357.16,359.73,362.30,364.87,367.44,370.01,372.58,375.15,377.72,380.29,382.86,385.44,388.01,390.58,393.15,395.72,398.29,400.86,403.43,406.00,408.57,411.14,413.72,416.29,418.86,421.43,424.00,426.57,429.14,431.71,434.28,436.85,439.42,441.99,444.56,447.14,449.71,452.28,454.85,457.42,459.99,462.56,465.13,467.70,470.27,472.84,475.42,477.99,480.56,483.13,485.70,488.27,490.84,493.41,495.98,498.55,501.12,503.70,506.27,508.84,511.41,513.98,516.55,519.12,521.69,524.26,526.83,529.40,531.98,534.55,537.12,539.69,542.26,544.83,547.40,549.97,552.54,555.11,557.68,560.25,562.83,565.40,567.97,570.54,573.11,575.68,578.25,580.82,583.39,585.96,588.53,591.11,593.68,596.25,598.82,601.39,603.96,606.53,609.10,611.67,614.24,616.81,619.38,621.96,624.53,627.10,629.67,632.24,634.81,637.38,639.95,642.52,645.09,647.66,650.24,652.81,655.38,657.95,660.52,663.09,665.66,668.23,670.80,673.37,675.94,678.52,681.09,683.66,686.23,688.80,691.37,693.94,696.51,699.08,701.65,704.22,706.79,709.37,711.94,714.51,717.08,719.65,722.22,724.79,727.36,729.93,732.50,735.07,737.65,740.22,742.79,745.36,747.93,750.50,753.07,755.64,758.21,760.78,763.35,765.93,768.50,771.07,773.64,776.21,778.78,781.35,783.92,786.49,789.06,791.63,794.21,796.78,799.35,801.92,804.49,807.06,809.63,812.20,814.77,817.34,819.91,822.48,825.06,827.63,830.20,832.77,835.34,837.91,840.48,843.05,845.62,848.19,850.76,853.33,855.91,858.48,861.05,863.62,866.19,868.76,871.33,873.90,876.47,879.04,881.61,884.19,886.76,889.33,891.90,894.47,897.04,899.61,902.18,904.75,907.32,909.89,912.47,915.04,917.61,920.18,922.75,925.32,927.89,930.46,933.03,935.60,938.17,940.75,943.32,945.89,948.46,951.03,953.60,956.17,958.74,961.31,963.88,966.45,969.02,971.60,974.17,976.74,979.31,981.88,984.45,987.02,989.59,992.16,994.73,997.30,999.88,1002.45,1005.02,1007.59,1010.16,1012.73,1015.30,1017.87,1020.44,1023.01,1025.58,1028.16,1030.73,1033.30,1035.87,1038.44,1041.01,1043.58,1046.15,1048.72,1051.29,1053.86,1056.43,1059.01,1061.58,1064.15,1066.72,1069.29,1071.86,1074.43,1077.00,1079.57,1082.14,1084.71,1087.28,1089.86,1092.43,1095.00,1097.57,1100.14,1102.71,1105.28,1107.85,1110.42,1112.99,1115.56,1118.14,1120.71,1123.28,1125.85,1128.42,1130.99,1133.56,1136.13,1138.70,1141.27,1143.84,1146.42,1148.99,1151.56,1154.13,1156.70,1159.27,
 Segment Global,147.57,146.58,145.60,144.61,143.63,142.66,141.69,140.73,139.77,138.83,137.90,136.97,136.06,135.15,134.26,133.39,132.55,131.74,130.96,130.23,129.55,128.91,128.33,127.78,127.26,126.76,126.26,125.77,125.26,124.74,124.18,123.59,122.99,122.35,121.69,121.00,120.28,119.52,118.73,117.89,117.02,116.09,115.13,114.13,113.10,112.05,110.98,109.90,108.82,107.74,106.68,105.61,104.55,103.50,102.47,101.46,100.50, 99.58, 98.71, 97.91, 97.18, 96.54, 95.96, 95.46, 95.00, 94.59, 94.21, 93.85, 93.50, 93.16, 92.80, 92.44, 92.07, 91.70, 91.33, 90.93, 90.51, 90.07, 89.60, 89.09, 88.54, 87.94, 87.29, 86.61, 85.90, 85.15, 84.39, 83.62, 82.83, 82.05, 81.26, 80.49, 79.71, 78.93, 78.16, 77.39, 76.65, 75.91, 75.20, 74.51, 73.84, 73.20, 72.60, 72.01, 71.46, 70.93, 70.41, 69.92, 69.44, 68.98, 68.53, 68.10, 67.68, 67.28, 66.89, 66.52, 66.16, 65.82, 65.50, 65.19, 64.90, 64.63, 64.37, 64.13, 63.91, 63.70, 63.50, 63.32, 63.15, 62.99, 62.84, 62.70, 62.57, 62.45, 62.34, 62.25, 62.17, 62.11, 62.06, 62.03, 62.02, 62.03, 62.06, 62.10, 62.16, 62.24, 62.34, 62.45, 62.58, 62.73, 62.89, 63.06, 63.25, 63.45, 63.67, 63.91, 64.17, 64.45, 64.75, 65.07, 65.41, 65.77, 66.15, 66.56, 66.98, 67.43, 67.90, 68.39, 68.90, 69.43, 69.99, 70.57, 71.18, 71.80, 72.44, 73.10, 73.77, 74.45, 75.13, 75.81, 76.50, 77.18, 77.85, 78.53, 79.21, 79.90, 80.59, 81.28, 81.99, 82.70, 83.43, 84.17, 84.92, 85.68, 86.44, 87.21, 87.99, 88.76, 89.54, 90.31, 91.08, 91.84, 92.60, 93.35, 94.10, 94.85, 95.60, 96.36, 97.12, 97.89, 98.67, 99.45,100.24,101.04,101.84,102.64,103.44,104.24,105.03,105.82,106.61,107.39,108.16,108.92,109.67,110.42,111.15,111.86,112.57,113.25,113.92,114.57,115.20,115.82,116.41,116.98,117.52,118.03,118.52,118.97,119.39,119.77,120.12,120.44,120.72,120.98,121.21,121.41,121.59,121.74,121.88,121.98,122.07,122.13,122.18,122.21,122.23,122.24,122.24,122.23,122.23,122.22,122.22,122.21,122.20,122.18,122.16,122.13,122.10,122.05,122.00,121.93,121.86,121.78,121.70,121.60,121.51,121.41,121.32,121.22,121.12,121.03,120.94,120.85,120.76,120.67,120.58,120.49,120.40,120.30,120.20,120.10,120.00,119.90,119.80,119.69,119.59,119.48,119.37,119.27,119.16,119.06,118.96,118.85,118.75,118.65,118.55,118.45,118.36,118.26,118.17,118.07,117.98,117.89,117.80,117.72,117.64,117.56,117.49,117.42,117.36,117.30,117.24,117.20,117.15,117.11,117.08,117.05,117.02,117.00,116.98,116.97,116.96,116.95,116.95,116.95,116.96,116.96,116.97,116.97,116.98,116.98,116.99,117.00,117.00,117.01,117.02,117.04,117.05,117.07,117.09,117.12,117.15,117.18,117.21,117.25,117.30,117.34,117.39,117.44,117.50,117.56,117.62,117.69,117.76,117.83,117.91,118.00,118.09,118.18,118.29,118.40,118.51,118.63,118.76,118.88,119.01,119.14,119.27,119.40,119.52,119.64,119.76,119.87,119.98,120.09,120.20,120.30,120.41,120.52,120.63,120.74,120.85,120.96,121.08,121.19,121.30,121.40,121.50,121.59,121.67,121.74,121.81,121.87,121.93,121.99,122.06,122.13,122.22,122.31,122.43,122.55,122.70,122.85,123.03,123.23,123.46,123.71,123.99,124.31,124.66,125.05,125.47,125.93,126.42,126.94,127.49,128.07,128.67,129.30,129.96,130.64,131.34,132.07,132.81,133.57,134.34,135.12,135.91,136.70,137.49,


