Timing Information
==========================================================
Clip Duration,834,ms
Average RR Duration,834,ms
Enddiastolic frame time,830,ms
Endsystolic  frame time,446.153,ms
Reference time,14.674,ms
Trigger time,14.674,ms



Results
==========================================================
Global
----------------------------------------------------------
EDV,202.98,ml
ESV,105.16,ml
SV,97.82,ml
EF,48.19,%

2D
----------------------------------------------------------
RVDd base (RVD1),35.44,mm
RVDd mid (RVD2),47.90,mm
RVLd (RVD3),97.46,mm
TAPSE,21.86,mm
FAC,40.77,%
RVLS (Septum),-15.49,%
RVLS (Freewall),-25.26,%

Curves
==========================================================
Global
Global
Unit [ml]
Time [ ms],  0.00,  6.23, 12.46, 18.69, 24.92, 31.15, 37.38, 43.61, 49.85, 56.08, 62.31, 65.51, 68.70, 71.90, 75.10, 78.30, 81.50, 84.70, 87.90, 91.10, 94.29, 97.49,100.69,103.89,107.09,110.29,113.49,116.68,119.88,123.08,126.28,129.48,132.68,135.88,139.08,142.27,145.47,148.67,151.87,155.07,158.27,161.47,164.67,167.86,171.06,174.26,177.46,180.66,183.86,187.06,190.26,193.45,196.65,199.85,203.05,206.25,209.45,212.65,215.85,219.04,222.24,225.44,228.64,231.84,235.04,238.24,241.44,244.63,247.83,251.03,254.23,257.43,260.63,263.83,267.02,270.22,273.42,276.62,279.82,283.02,286.22,289.42,292.61,295.81,299.01,302.21,305.41,308.61,311.81,315.01,318.20,321.40,324.60,327.80,331.00,334.20,337.40,340.60,343.79,346.99,350.19,353.39,356.59,359.79,362.99,366.19,369.38,372.58,375.78,378.98,382.18,385.38,388.58,391.78,394.97,398.17,401.37,404.57,407.77,410.97,414.17,417.36,420.56,423.76,426.96,430.16,433.36,436.56,439.76,442.95,446.15,449.35,452.55,455.75,458.95,462.15,465.35,468.54,471.74,474.94,478.14,481.34,484.54,487.74,490.94,494.13,497.33,500.53,503.73,506.93,510.13,513.33,516.53,519.72,522.92,526.12,529.32,532.52,535.72,538.92,542.12,545.31,548.51,551.71,554.91,558.11,561.31,564.51,567.70,570.90,574.10,577.30,580.50,583.70,586.90,590.10,593.29,596.49,599.69,602.89,606.09,609.29,612.49,615.69,618.88,622.08,625.28,628.48,631.68,634.88,638.08,641.27,644.47,647.67,650.87,654.07,657.27,660.47,663.67,666.87,670.06,673.26,676.46,679.66,682.86,686.06,689.26,692.45,695.65,698.85,702.05,705.25,708.45,711.65,714.85,718.04,721.24,724.44,727.64,730.84,734.04,737.24,740.44,743.63,746.83,750.03,753.23,756.43,759.63,762.83,766.02,769.22,772.42,775.62,778.82,782.02,785.22,788.42,791.61,794.81,798.01,801.21,804.41,807.61,810.81,814.01,817.20,820.40,823.60,826.80,830.00,
 Segment Global,200.66,200.29,199.90,199.51,199.12,198.75,198.40,198.09,197.83,197.62,197.48,197.43,197.46,197.55,197.65,197.74,197.80,197.78,197.66,197.41,197.00,196.42,195.68,194.80,193.81,192.73,191.59,190.39,189.18,187.96,186.75,185.58,184.40,183.23,182.06,180.88,179.71,178.52,177.32,176.11,174.89,173.65,172.41,171.16,169.91,168.66,167.42,166.19,164.97,163.77,162.58,161.42,160.28,159.17,158.06,156.97,155.89,154.82,153.75,152.68,151.60,150.53,149.45,148.38,147.30,146.24,145.19,144.15,143.13,142.13,141.15,140.20,139.27,138.35,137.46,136.59,135.73,134.90,134.08,133.28,132.50,131.73,130.99,130.25,129.54,128.84,128.16,127.50,126.85,126.22,125.60,125.01,124.43,123.86,123.31,122.77,122.23,121.69,121.15,120.60,120.05,119.49,118.92,118.34,117.76,117.19,116.61,116.05,115.50,114.96,114.44,113.96,113.51,113.09,112.69,112.29,111.87,111.45,110.98,110.48,109.93,109.29,108.59,107.86,107.14,106.48,105.91,105.47,105.21,105.16,105.37,105.85,106.58,107.52,108.65,109.94,111.36,112.88,114.48,116.12,117.78,119.47,121.20,122.97,124.75,126.55,128.34,130.12,131.88,133.61,135.29,136.90,138.46,139.96,141.42,142.84,144.24,145.62,147.00,148.38,149.78,151.20,152.63,154.05,155.46,156.85,158.19,159.47,160.70,161.84,162.90,163.86,164.74,165.54,166.27,166.93,167.53,168.07,168.55,168.98,169.37,169.70,169.98,170.21,170.41,170.58,170.73,170.87,171.01,171.16,171.34,171.54,171.76,172.00,172.24,172.50,172.75,172.99,173.21,173.42,173.60,173.76,173.90,174.03,174.15,174.25,174.34,174.41,174.45,174.48,174.48,174.46,174.40,174.33,174.27,174.23,174.23,174.30,174.44,174.67,175.02,175.47,176.03,176.68,177.42,178.25,179.15,180.14,181.19,182.32,183.51,184.78,186.13,187.54,188.99,190.44,191.87,193.25,194.56,195.77,196.86,197.81,198.64,199.36,200.00,200.57,201.09,201.57,202.04,202.50,202.98,


