Timing Information
==========================================================
Clip Duration,1089,ms
Average RR Duration,1089,ms
Enddiastolic frame time,1075.02,ms
Endsystolic  frame time,445.109,ms
Reference time,35.495,ms
Trigger time,35.495,ms



Results
==========================================================
Global
----------------------------------------------------------
EDV,226.68,ml
EDVi,108.75,ml/m²
ESV,149.71,ml
ESVi,71.83,ml/m²
SV,76.96,ml
EF,33.95,%

2D
----------------------------------------------------------
RVDd base (RVD1),46.32,mm
RVDd mid (RVD2),55.12,mm
RVLd (RVD3),91.70,mm
TAPSE,17.58,mm
FAC,29.94,%
RVLS (Septum),-12.62,%
RVLS (Freewall),-19.77,%

Curves
==========================================================
Global
Global
Unit [ml]
Time [ ms],  0.00,  4.79,  9.58, 14.38, 19.17, 23.96, 28.75, 33.55, 38.34, 43.13, 47.92, 54.79, 61.65, 68.51, 75.38, 82.24, 89.10, 95.97,102.83,109.70,116.56,121.35,126.14,130.94,135.73,140.52,145.31,150.11,154.90,159.69,164.48,169.27,174.07,178.86,183.65,188.44,193.24,198.03,202.82,207.61,212.41,217.20,221.99,226.78,231.57,236.37,241.16,245.95,250.74,255.54,260.33,265.12,269.91,274.70,279.50,284.29,289.08,293.87,298.67,303.46,308.25,313.04,317.84,322.63,327.42,332.21,337.01,341.80,346.59,351.38,356.18,360.97,365.76,370.55,375.34,380.14,384.93,389.72,394.51,399.31,404.10,408.89,413.68,418.47,423.27,428.06,432.85,437.64,442.44,447.23,452.02,456.81,461.61,466.40,471.19,475.98,480.77,485.57,490.36,495.15,499.94,504.74,509.53,514.32,519.11,523.91,528.70,533.49,538.28,543.07,547.87,552.66,557.45,562.24,567.04,571.83,576.62,581.41,586.21,591.00,595.79,600.58,605.38,610.17,614.96,619.75,624.54,629.34,634.13,638.92,643.71,648.51,653.30,658.09,662.88,667.68,672.47,677.26,682.05,686.84,691.64,696.43,701.22,706.01,710.81,715.60,720.39,725.18,729.98,734.77,739.56,744.35,749.14,753.94,758.73,763.52,768.31,773.11,777.90,782.69,787.48,792.28,797.07,801.86,806.65,811.44,816.24,821.03,825.82,830.61,835.41,840.20,844.99,849.78,854.58,859.37,864.16,868.95,873.75,878.54,883.33,888.12,892.91,897.71,902.50,907.29,912.08,916.88,921.67,926.46,931.25,936.05,940.84,945.63,950.42,955.21,960.01,964.80,969.59,974.38,979.18,983.97,988.76,993.55,998.35,1003.14,1007.93,1012.72,1017.51,1022.31,1027.10,1031.89,1036.68,1041.48,1046.27,1051.06,1055.85,1060.65,1065.44,1070.23,1075.02,1079.82,1084.61,1089.40,1094.19,1098.98,1103.78,1108.57,1113.36,1118.15,1122.95,
 Segment Global,219.13,218.52,217.91,217.29,216.66,216.02,215.36,214.69,213.99,213.27,212.52,211.75,210.96,210.15,209.30,208.40,207.44,206.41,205.30,204.11,202.82,201.41,199.89,198.29,196.64,194.95,193.26,191.59,189.96,188.40,186.94,185.59,184.32,183.13,182.01,180.94,179.92,178.93,177.96,177.00,176.05,175.09,174.15,173.22,172.30,171.40,170.50,169.62,168.74,167.87,167.01,166.16,165.32,164.48,163.65,162.83,162.02,161.22,160.44,159.67,158.92,158.19,157.48,156.79,156.12,155.47,154.85,154.25,153.68,153.14,152.62,152.13,151.67,151.25,150.86,150.52,150.23,150.00,149.83,149.73,149.71,149.77,149.89,150.09,150.35,150.68,151.08,151.54,152.07,152.67,153.33,154.06,154.87,155.74,156.65,157.59,158.54,159.48,160.41,161.29,162.12,162.89,163.59,164.24,164.86,165.47,166.09,166.72,167.39,168.11,168.90,169.76,170.70,171.68,172.69,173.71,174.72,175.69,176.62,177.48,178.26,178.93,179.53,180.05,180.52,180.95,181.35,181.74,182.12,182.51,182.93,183.38,183.83,184.30,184.78,185.27,185.76,186.25,186.75,187.24,187.73,188.23,188.72,189.22,189.72,190.20,190.68,191.14,191.57,191.98,192.36,192.71,193.03,193.33,193.60,193.85,194.09,194.31,194.53,194.74,194.95,195.15,195.35,195.55,195.74,195.94,196.13,196.33,196.53,196.74,196.96,197.19,197.43,197.68,197.94,198.19,198.45,198.70,198.94,199.16,199.37,199.56,199.75,199.93,200.10,200.27,200.44,200.60,200.76,200.92,201.08,201.22,201.34,201.47,201.62,201.81,202.08,202.43,202.90,203.50,204.26,205.19,206.27,207.48,208.79,210.16,211.57,213.00,214.41,215.78,217.09,218.32,219.51,220.65,221.71,222.70,223.61,224.41,225.11,225.69,226.13,226.44,226.62,226.68,226.64,226.52,226.34,226.11,225.86,225.60,225.34,


